5.039
6.900
6.290
5.070
5.316
6.803
4.887
6.403
7.323
4.924
5.416
7.876
4.804
6.843
6.584
4.740
5.591
7.571
5.073
6.820
7.202
5.074
6.424
16.561
4.852
6.832
7.652
4.934
35.852
5.509
4.845
8.487
6.369
4.865
9.292
5.563
4.905
8.395
5.850
6.177
7.691
5.752
6.347
7.125
5.587
6.452
7.408
5.538
5.005
7.910
5.175
4.699
8.083
5.238
4.926
9.705
5.289
4.844
9.912
5.466
4.776
9.507
5.577
4.803
8.644
5.092
4.747
10.375
5.186
4.818
8.964
5.671
4.841
8.388
5.264
4.686
9.188
5.448
4.836
8.507
4.903
5.344
9.364
5.354
4.827
9.552
5.125
4.982
6.888
21.268
6.139
6.752
5.059
6.084
7.385
5.023
5.112
6.857
6.550
4.849
8.680
4.959
4.930
9.372
5.395
4.820
8.522
5.803
4.841
8.862
5.112
4.912
10.430
4.830
4.822
7.415
5.853
4.879
20.281
5.600
6.150
7.329
6.525
4.903
6.998
8.270
6.109
7.447
4.975
4.727
21.433
5.463
6.337
7.654
5.997
6.392
7.350
5.822
4.984
9.272
6.145
6.425
8.726
5.205
4.880
8.278
5.877
6.589
6.779
5.688
6.851
7.561
4.932
4.842
8.403
6.050
6.506
6.869
5.723
6.376
6.586
6.031
4.955
9.046
5.881
6.459
6.714
5.558
5.245
6.845
6.050
7.092
6.820
5.739
5.019
9.210
5.643
6.222
6.618
5.566
6.313
6.897
5.814
6.307
9.533
11.216
24.268
5.039
8.954
4.795
4.662
11.002
4.931
4.793
9.831
4.774
4.847
11.141
4.836
4.878
9.821
4.692
5.152
9.635
5.040
6.093
7.361
6.468
5.314
6.823
6.388
4.797
7.039
5.134
6.531
7.326
6.241
5.095
6.937
5.196
6.695
7.463
6.466
4.823
6.884
5.001
6.738
7.722
6.267
5.006
7.477
5.095
5.535
7.556
4.949
6.965
7.366
4.977
4.977
8.956
6.467
5.206
7.032
4.935
6.082
8.476
6.661
5.052
8.446
4.945
5.650
8.344
4.960
6.241
8.400
4.964
5.444
8.175
5.902
5.931
8.586
5.257
5.274
8.300
6.521
5.349
8.195
5.029
6.140
19.891
6.530
6.354
5.316
7.304
5.107
7.086
6.750
6.179
6.371
6.790
4.740
7.804
5.145
6.684
6.291
5.015
7.468
6.355
4.966
5.511
7.193
5.394
5.784
7.556
6.355
4.971
7.860
5.561
4.815
7.298
6.359
17.069
5.392
6.854
6.462
6.141
5.191
6.653
6.644
6.676
6.484
6.286
5.454
4.928
7.151
7.266
4.719
6.839
8.413
6.098
5.415
5.490
5.888
7.836
6.805
6.158
6.386
7.187
4.952
7.027
5.216
8.127
7.256
7.459
5.018
6.355
5.188
8.344
6.783
5.023
6.943
20.799
5.083
6.430
6.583
5.151
6.960
5.442
7.120
5.329
6.277
7.109
5.279
6.170
5.255
7.349
6.494
6.203
5.269
7.272
5.099
7.883
6.368
6.486
5.368
6.368
6.317
4.984
20.466
6.091
5.609
7.056
5.854
5.028
6.523
6.940
5.934
5.303
6.676
5.832
5.113
22.504
5.161
6.235
7.436
5.307
5.512
24.083
4.852
8.854
6.541
4.790
6.312
6.470
4.886
6.853
7.285
5.061
6.164
6.611
4.998
6.246
7.174
5.077
5.473
8.169
4.769
6.605
7.188
4.778
6.658
7.786
4.834
6.270
6.676
5.066
5.311
7.252
4.662
9.726
5.195
4.792
6.231
7.597
4.776
6.610
6.679
4.877
5.184
8.987
4.755
6.427
7.625
4.844
6.347
6.787
4.818
6.155
6.619
5.060
6.303
8.937
4.734
6.716
6.978
4.894
6.612
6.419
5.095
6.586
6.850
4.731
5.376
7.246
4.841
6.214
7.057
4.809
6.283
7.153
4.926
5.479
7.201
5.071
6.976
6.286
4.926
5.290
7.623
5.011
6.321
6.762
4.823
6.369
7.723
4.851
6.296
6.386
4.914
8.340
5.248
4.775
6.577
6.603
5.051
6.888
6.429
4.841
7.078
7.287
4.887
6.640
6.364
4.836
7.955
6.370
4.847
8.393
22.338
4.879
10.325
4.767
4.807
9.588
20.120
4.819
9.269
4.955
6.163
9.987
5.183
6.160
8.817
6.403
6.224
8.377
5.186
6.744
6.978
6.364
5.485
7.955
4.974
6.649
7.415
4.916
6.217
7.532
5.121
7.253
8.032
4.951
6.667
6.838
5.427
5.546
8.440
4.909
5.407
7.100
5.040
6.335
7.414
4.979
6.326
8.311
5.118
5.350
7.518
4.954
5.148
8.623
5.306
6.677
7.266
5.179
7.193
7.250
5.344
7.045
7.645
4.919
8.206
7.063
4.942
7.521
5.348
5.601
8.130
6.632
4.943
8.130
6.504
4.975
8.132
5.563
5.450
7.376
6.554
5.096
7.851
6.978
5.047
7.242
6.918
4.880
7.505
6.536
4.942
7.098
6.980
5.141
6.155
6.675
5.043
8.560
6.846
5.038
7.527
6.400
5.046
6.769
6.929
4.944
8.061
6.645
4.964
6.432
6.396
5.799
5.872
6.507
5.176
7.559
6.896
4.982
6.362
5.496
5.416
7.580
6.622
6.389
5.821
6.340
6.753
5.991
6.382
6.409
5.501
7.004
6.287
5.180
6.616
6.383
5.813
6.657
6.417
5.395
7.205
6.787
5.300
5.405
5.524
6.730
6.661
5.052
6.405
5.298
5.308
7.852
6.476
4.923
6.434
6.954
5.370
6.332
5.540
5.420
7.351
6.761
5.394
6.374
5.484
5.906
8.764
6.462
5.093
8.707
6.898
6.269
5.528
6.710
5.339
8.519
6.790
5.011
7.629
6.609
6.769
5.550
6.680
4.957
6.580
5.522
6.673
5.882
6.935
4.950
7.177
6.471
5.212
17.941
6.880
5.483
6.076
5.259
7.779
5.426
6.372
17.542
5.133
6.629
8.699
4.833
7.124
7.395
4.959
6.641
8.479
4.825
6.294
7.457
4.763
6.939
7.651
4.860
5.427
7.942
5.012
6.372
7.737
5.139
5.542
8.627
4.882
6.814
6.648
4.964
6.821
6.865
9.827
13.185
6.697
18.946
5.166
9.972
4.922
5.049
10.288
4.865
4.891
10.829
4.760
5.108
9.564
4.979
4.750
10.097
4.972
6.191
8.563
5.057
4.901
9.650
4.943
5.249
7.514
5.222
7.083
6.027
5.566
7.027
7.468
4.964
8.148
5.571
5.753
7.339
5.592
5.581
8.658
6.498
5.293
7.168
6.406
5.063
6.958
7.183
4.965
7.537
5.522
5.435
7.761
6.425
5.003
7.537
6.302
5.574
6.292
6.612
5.058
7.405
5.526
5.400
7.870
6.655
6.296
5.323
6.603
5.016
7.418
7.129
5.078
6.520
5.513
5.341
7.606
6.562
7.583
5.324
6.286
6.629
5.122
6.611
6.607
5.540
6.735
6.332
5.388
5.076
5.471
6.643
6.274
6.698
5.420
6.318
6.568
5.557
20.669
9.019
4.957
5.358
9.084
4.744
6.791
7.221
4.912
6.197
8.033
4.935
6.513
6.936
5.026
6.706
7.032
4.779
5.336
7.918
4.903
22.432
6.105
4.969
8.349
5.888
4.817
10.711
5.727
4.826
10.221
4.764
6.122
9.914
4.710
4.991
10.721
4.816
4.945
10.198
4.927
4.918
9.726
5.094
5.006
9.343
5.253
6.157
8.712
5.110
6.135
7.728
4.924
5.514
8.532
5.487
5.952
7.073
5.128
6.365
8.271
4.910
8.122
7.142
5.066
8.586
6.531
5.166
8.225
7.116
5.088
7.551
6.570
5.166
7.606
6.290
5.792
7.110
6.800
7.142
6.812
5.401
6.756
6.470
5.370
6.896
5.003
6.296
7.291
5.816
6.484
6.547
6.785
8.787
7.055
5.863
6.404
7.504
5.016
16.627
7.860
5.060
6.581
7.942
4.932
6.358
7.044
4.845
6.299
8.165
5.070
20.271
7.059
4.796
9.375
5.698
5.091
9.820
5.197
4.857
10.431
4.912
4.866
11.186
4.799
4.827
11.087
4.805
4.775
10.259
4.932
6.200
8.694
5.039
6.118
8.451
5.482
5.194
8.641
5.111
6.162
7.406
5.066
6.666
8.031
5.012
8.274
6.496
5.245
6.994
7.424
5.223
7.586
6.453
5.178
7.393
6.514
5.031
7.248
7.108
5.116
7.515
6.958
5.192
7.549
5.499
5.404
6.493
6.292
5.584
5.827
6.277
