16.279
14.303
14.212
13.689
10.634
12.899
15.561
14.207
13.190
14.551
11.909
13.059
13.084
11.563
12.135
14.731
13.263
14.383
15.152
12.218
11.022
15.093
13.668
14.460
15.575
13.152
12.246
12.758
11.382
14.270
15.276
13.494
15.424
13.001
11.191
15.338
12.699
11.440
17.191
11.780
12.862
17.450
11.827
13.055
14.398
12.850
13.256
16.052
11.497
12.500
12.736
13.146
13.943
15.318
13.203
11.881
13.374
13.569
11.388
16.629
12.909
11.915
16.533
11.616
11.416
17.662
13.140
13.170
16.969
13.251
13.007
12.777
11.305
13.304
16.136
13.140
13.051
15.465
11.051
12.830
14.486
11.665
13.215
16.689
14.253
10.744
14.613
12.338
11.860
16.936
11.610
12.047
15.183
10.411
12.117
16.467
14.247
13.190
16.853
12.218
11.647
15.942
11.428
12.084
16.971
12.070
12.200
13.741
12.028
14.382
15.171
14.188
13.159
17.506
12.447
11.229
17.580
11.121
21.709
17.497
15.382
14.242
13.150
16.638
13.182
13.373
15.063
10.717
11.607
18.015
11.202
12.219
16.732
12.009
12.255
12.783
12.139
12.995
16.870
13.875
12.303
25.358
11.392
10.617
14.799
13.461
13.590
16.932
12.144
12.262
12.867
11.284
12.934
15.362
14.198
13.164
15.479
11.016
10.572
16.742
14.257
14.400
15.496
11.920
12.592
13.705
11.783
13.228
16.989
13.198
12.138
16.320
11.139
12.101
16.705
11.439
13.223
16.637
13.032
12.553
12.871
11.219
13.250
16.931
14.244
13.096
15.480
10.969
12.788
15.876
13.119
14.415
16.678
13.241
11.303
13.446
12.111
14.248
15.460
13.179
13.369
14.903
11.395
12.758
15.377
13.344
13.243
16.521
12.883
11.032
14.270
13.021
12.411
16.047
13.174
11.812
13.511
11.853
13.268
16.463
14.232
13.226
16.217
12.248
10.761
15.185
13.006
12.093
16.792
13.176
12.212
15.006
11.125
14.300
15.352
14.269
13.657
16.403
12.222
11.264
22.072
13.227
12.373
15.959
13.436
12.976
14.688
11.651
26.371
16.103
11.476
13.493
16.714
11.706
12.452
12.415
12.748
13.217
16.771
13.100
13.427
16.391
12.233
10.404
16.107
11.410
13.329
15.886
12.918
14.626
13.399
11.292
13.444
15.770
14.382
13.126
15.244
12.280
11.840
15.503
14.333
13.129
16.209
13.122
12.385
12.417
12.568
14.385
16.911
14.214
12.121
16.691
12.219
11.090
14.670
14.287
13.217
16.636
13.159
13.204
14.742
10.319
12.291
16.433
15.024
13.343
15.825
13.020
11.095
15.112
12.963
14.384
15.922
13.275
13.345
16.483
10.814
11.498
16.653
13.188
13.173
16.090
13.017
12.293
14.768
12.658
13.332
17.040
13.288
13.249
16.333
12.358
11.047
15.529
14.418
13.212
17.518
13.148
13.205
15.766
12.268
11.420
16.881
13.156
13.492
15.993
13.141
13.213
14.544
12.274
12.971
17.469
13.215
14.553
15.914
13.342
11.792
15.594
15.439
14.433
16.122
14.276
13.112
14.664
11.253
12.529
15.709
14.315
14.381
19.057
13.151
12.311
28.981
10.530
13.402
16.866
19.097
20.095
11.865
16.764
13.288
14.320
15.904
13.321
13.181
16.410
12.199
10.652
16.146
13.269
13.260
17.203
14.314
12.166
14.654
10.822
11.561
17.085
13.034
13.277
16.155
11.979
13.269
12.721
11.542
13.258
17.179
13.254
14.318
16.623
11.660
12.028
14.615
13.134
13.344
17.066
13.136
12.902
16.367
10.797
12.738
16.976
13.192
13.607
17.071
12.964
12.449
13.029
12.665
13.369
16.529
14.334
16.452
15.864
12.407
12.104
14.874
14.375
13.225
17.157
14.219
12.134
15.339
10.834
12.793
15.892
13.264
14.232
17.240
14.202
12.327
13.028
11.466
13.299
16.915
13.277
13.337
16.354
12.249
11.068
14.763
13.231
14.353
15.993
14.204
14.243
16.339
12.276
10.213
17.411
13.194
13.347
15.955
13.165
12.165
12.768
10.759
12.127
16.865
13.255
13.347
15.624
12.330
13.185
14.270
13.082
13.425
17.408
13.036
14.529
15.200
12.314
11.076
15.669
20.217
13.337
17.324
14.761
13.382
16.412
12.524
10.507
16.128
13.182
13.385
16.522
13.075
14.386
16.351
12.232
11.840
17.299
13.162
13.366
17.062
14.279
11.919
15.021
10.871
11.910
16.953
14.246
14.272
25.048
14.232
12.227
15.252
11.316
11.627
15.700
12.067
13.363
16.403
14.320
12.572
14.564
10.320
12.640
24.915
13.177
13.250
17.347
14.213
14.211
14.564
11.658
11.788
15.848
13.123
14.485
17.690
14.225
13.329
14.503
12.308
12.471
17.320
13.176
14.306
16.644
16.234
12.082
15.668
10.830
11.745
16.216
13.106
13.451
16.674
14.214
11.994
14.876
11.069
12.662
16.237
14.244
13.477
15.873
13.293
13.443
20.698
10.977
11.799
16.954
15.160
14.284
17.444
13.132
13.367
14.929
9.972
13.073
17.230
14.229
13.199
16.632
14.253
12.294
14.429
10.472
11.972
18.622
13.130
13.321
15.561
13.269
12.054
14.528
11.525
12.302
28.262
13.493
14.238
17.525
14.205
13.210
14.610
11.086
11.711
17.589
13.132
14.520
16.885
14.221
13.691
16.474
10.706
11.602
16.103
12.077
18.361
22.540
14.646
12.388
13.260
16.808
13.269
13.164
18.331
13.126
18.361
16.130
12.491
11.197
13.653
12.055
13.362
17.358
13.174
13.225
17.466
13.230
11.089
14.697
13.425
14.618
17.259
13.425
13.133
18.762
12.337
11.031
14.882
12.284
12.496
17.319
14.361
13.213
16.538
12.212
10.845
13.671
13.461
13.263
17.159
13.158
13.190
16.453
14.205
12.231
13.661
11.479
13.301
16.976
13.188
13.644
16.429
28.224
14.241
16.897
12.279
10.431
16.375
13.163
13.591
16.705
14.302
13.225
15.754
12.314
10.668
16.450
13.238
14.237
15.777
13.116
13.238
16.204
12.249
12.267
13.627
12.080
13.448
16.870
14.430
14.214
16.419
13.008
11.247
13.761
12.048
13.203
18.423
13.151
13.289
16.487
12.137
12.323
13.399
11.312
13.360
15.948
13.257
14.431
15.986
13.337
12.773
14.681
10.401
13.258
17.348
13.001
13.279
16.895
13.201
13.220
16.494
10.701
11.582
15.359
14.225
14.370
18.785
14.227
13.085
15.454
12.759
10.198
15.406
13.178
13.399
20.477
20.239
19.823
17.605
12.548
14.247
16.216
14.421
14.490
17.728
13.292
14.415
15.881
15.299
14.367
15.671
12.740
13.222
14.288
12.773
14.350
29.599
14.382
14.416
16.174
13.256
14.530
16.059
14.261
13.481
16.963
12.443
12.509
14.154
12.855
13.377
16.097
13.246
16.378
13.215
13.048
18.395
13.410
13.396
16.398
12.450
10.926
14.837
11.531
12.428
15.762
14.365
13.910
17.277
14.239
14.324
17.308
14.360
14.067
16.586
12.485
11.189
14.762
11.395
12.333
16.250
13.204
13.427
17.141
14.269
13.263
18.306
14.241
13.179
15.319
12.263
10.997
14.934
12.879
13.193
17.191
14.389
13.674
16.522
14.301
14.221
17.199
13.128
12.574
12.925
12.476
11.458
17.213
13.205
13.583
15.956
14.330
14.228
17.053
13.134
13.114
16.468
12.261
12.488
13.524
11.382
12.366
17.052
13.153
13.291
17.204
13.091
13.394
16.539
13.337
13.501
15.974
12.322
12.500
13.781
18.324
22.161
14.327
14.413
16.987
13.209
14.360
15.538
13.379
14.349
15.219
12.242
11.449
14.880
11.830
13.468
17.000
13.236
14.294
15.955
14.333
16.479
16.870
13.079
14.540
15.185
25.726
12.768
14.525
13.061
12.716
17.371
13.281
14.259
16.977
14.350
13.274
16.822
13.335
14.371
16.007
12.823
13.105
13.123
13.034
13.454
16.987
13.122
14.381
17.300
14.370
14.328
16.102
13.634
13.467
29.630
13.822
12.806
13.856
11.228
13.000
15.219
14.256
14.413
17.051
13.125
14.499
15.714
14.248
14.420
15.566
13.345
13.040
15.469
11.084
12.571
28.935
13.305
14.269
17.036
14.375
14.246
16.920
13.134
14.517
15.813
14.283
14.214
15.351
11.931
12.627
18.996
10.827
12.308
17.091
19.681
14.456
15.984
14.331
13.519
17.136
13.198
14.529
15.602
14.296
14.449
15.192
12.051
12.377
22.227
11.735
13.296
16.906
28.258
12.525
16.856
14.236
15.118
17.046
