12.484
11.947
11.678
13.182
10.272
13.152
16.706
10.189
11.281
16.689
19.636
12.893
9.205
16.483
12.093
10.836
13.358
12.477
11.600
12.485
10.542
11.997
14.611
9.339
12.869
16.402
10.740
10.050
16.739
12.213
25.254
13.683
12.832
11.048
12.848
11.581
11.854
12.872
10.509
12.546
15.020
10.393
11.209
16.353
10.481
11.215
15.456
11.851
9.326
26.579
11.671
11.399
29.139
11.144
11.411
15.624
9.071
11.946
16.954
10.589
10.934
15.396
12.232
12.217
13.217
11.822
12.633
11.918
10.880
12.787
14.777
9.041
12.386
15.766
12.221
11.170
15.236
11.461
16.873
10.925
11.676
10.452
14.528
11.612
12.863
14.098
9.779
12.901
15.062
10.371
11.277
15.205
11.128
10.535
16.080
11.540
10.291
14.488
12.470
23.444
11.411
10.708
12.701
15.173
9.291
12.543
15.723
10.638
10.943
15.517
12.348
12.248
12.962
11.589
12.397
12.906
11.848
12.650
13.272
10.209
12.474
27.467
10.758
10.895
16.982
11.680
10.419
14.992
12.437
12.807
11.719
11.692
12.951
13.177
9.928
12.640
14.067
10.319
11.980
15.639
10.884
10.499
15.600
17.416
22.050
11.538
15.097
9.552
11.971
16.755
10.575
11.079
16.741
13.099
11.241
12.481
12.246
13.176
16.549
9.118
12.546
15.692
10.506
10.107
16.404
12.031
13.418
12.903
11.470
12.337
12.617
11.871
12.520
15.366
9.038
12.190
16.493
22.386
9.203
15.688
11.690
10.852
13.733
11.597
11.564
12.383
10.454
11.613
14.567
9.356
12.003
16.865
12.185
9.478
15.653
11.572
11.230
13.389
11.935
11.619
14.467
10.212
11.998
24.818
10.194
11.505
16.432
12.287
9.101
15.503
11.251
12.393
14.427
11.930
13.397
26.354
9.299
12.649
16.529
10.494
9.653
15.569
11.262
9.125
15.720
11.608
10.779
12.485
11.892
12.434
14.908
10.046
12.377
16.624
9.226
12.269
16.756
11.361
9.265
16.384
11.331
10.766
13.102
11.622
11.506
26.718
10.110
11.387
16.527
12.208
9.976
16.640
11.110
9.434
16.048
13.191
11.165
12.380
13.211
12.689
25.362
9.523
11.732
16.702
10.589
10.055
16.475
11.156
10.306
13.613
11.862
11.167
12.563
11.466
11.831
15.115
9.425
12.293
16.845
11.458
11.022
25.280
11.814
13.002
13.442
11.981
12.623
13.407
10.036
11.790
15.433
10.440
11.224
16.451
11.095
9.329
16.456
11.963
12.498
13.163
13.319
13.337
14.618
10.063
11.819
16.476
10.205
10.047
16.735
11.153
9.517
15.848
11.262
11.661
12.591
11.982
12.020
13.537
10.407
11.833
16.574
11.187
9.525
17.053
11.272
10.219
17.153
11.546
11.585
12.775
11.665
12.050
14.932
10.369
12.959
15.818
10.852
10.941
17.176
11.651
13.318
11.965
12.665
14.389
14.971
10.986
12.580
14.727
10.418
11.035
15.969
11.080
11.015
14.724
11.650
14.266
12.979
11.600
12.766
12.806
9.764
12.907
15.908
10.816
11.036
16.805
11.016
10.519
26.654
11.909
13.144
12.177
10.149
12.700
15.136
10.210
12.606
15.652
11.335
10.365
15.811
11.964
10.694
24.869
12.861
13.052
14.895
10.350
12.753
15.602
12.273
10.406
15.986
12.817
11.375
15.161
12.616
14.988
13.400
11.633
12.081
15.680
10.277
10.928
16.270
10.995
9.405
16.873
11.668
12.572
11.767
11.721
13.139
12.867
9.820
12.818
15.282
10.618
11.122
15.591
26.370
14.584
12.252
17.816
9.967
12.933
16.941
12.596
9.897
26.540
12.471
11.416
12.443
12.095
13.022
14.959
9.419
12.874
16.617
12.303
9.192
16.759
12.575
10.630
13.286
12.225
14.382
13.140
11.488
12.458
16.563
10.284
11.256
16.810
11.144
9.311
15.859
11.493
11.657
12.483
11.890
11.974
14.860
9.454
11.837
16.519
10.749
10.881
16.787
11.885
10.495
14.190
11.621
11.647
12.395
26.056
11.386
16.602
10.232
10.235
16.566
11.178
10.553
15.451
11.885
11.111
12.806
11.740
13.269
15.054
10.232
11.462
17.354
11.046
11.715
16.513
12.702
10.895
13.785
11.688
11.518
12.484
22.096
12.539
16.494
10.267
10.600
16.720
13.193
10.249
14.196
11.757
11.392
12.385
12.134
14.246
16.391
9.125
12.155
16.768
12.270
10.207
16.809
11.506
10.893
13.490
11.808
13.083
13.621
11.192
12.856
16.434
10.478
10.725
15.424
12.535
10.262
14.418
11.919
12.510
12.473
11.956
12.691
15.455
10.223
12.074
16.557
12.181
9.419
16.487
12.608
10.563
13.382
12.266
12.961
13.149
11.672
12.235
16.486
10.720
10.053
16.420
11.250
10.233
16.011
11.678
13.527
12.562
11.976
13.132
14.845
9.251
13.348
16.473
10.993
9.467
16.390
12.812
10.587
13.358
12.036
13.256
13.153
11.549
12.900
16.452
10.862
10.839
17.053
11.118
9.478
15.828
11.435
11.799
12.465
12.286
11.622
14.956
10.243
12.920
16.719
12.451
10.265
16.531
11.753
11.023
12.928
11.933
13.075
13.527
11.051
12.614
15.770
12.214
11.344
15.910
12.869
10.655
14.995
11.566
13.476
13.114
11.189
12.874
15.864
12.486
10.433
17.036
11.750
10.929
14.182
12.534
13.266
13.593
12.111
13.019
15.200
11.091
10.208
16.875
11.811
10.744
14.751
11.825
14.561
12.864
10.949
12.752
15.538
10.861
9.890
16.858
12.321
10.513
16.057
11.482
12.673
12.968
11.104
12.784
14.821
9.174
12.137
27.073
11.476
10.562
14.166
11.458
11.489
12.919
11.817
11.906
15.199
10.477
12.933
15.860
11.132
10.492
15.550
11.816
12.780
12.953
11.034
12.941
14.454
9.284
12.827
15.868
12.468
10.571
14.574
11.680
11.561
12.769
12.579
12.830
13.743
9.548
19.291
18.271
15.773
11.637
13.244
17.489
9.408
11.332
17.436
11.171
9.265
16.980
11.534
14.032
12.912
11.097
11.545
16.529
10.323
10.351
16.778
12.336
10.200
15.556
12.252
11.888
12.497
11.972
12.997
16.695
9.068
11.870
17.042
11.289
23.003
13.027
11.756
11.536
23.251
9.454
20.686
17.354
10.849
10.236
16.057
11.730
12.223
12.566
13.086
11.916
15.405
9.256
12.771
15.997
11.255
10.263
15.819
11.891
12.225
12.457
11.997
11.802
15.817
10.726
12.760
16.979
10.576
10.608
15.662
11.798
11.284
12.526
12.949
11.812
16.993
11.346
12.811
17.912
11.268
10.343
27.294
11.461
12.337
13.162
10.959
13.385
15.586
10.235
10.024
15.736
11.746
10.341
15.116
11.466
11.286
12.734
12.183
11.877
16.514
10.391
13.537
16.677
12.382
10.261
15.549
12.686
24.339
13.765
10.286
12.759
16.606
10.413
10.997
16.490
12.799
10.784
13.158
12.017
13.331
14.778
11.060
11.715
27.058
11.219
10.203
15.233
11.718
11.305
12.567
11.467
27.224
16.478
10.335
10.305
15.930
11.216
10.393
25.607
15.028
22.181
30.508
9.096
12.984
10.871
10.604
11.145
11.368
9.285
16.457
9.094
10.439
12.249
12.081
9.523
12.543
9.206
11.156
11.145
10.580
15.495
11.309
9.381
10.458
12.971
9.436
9.399
15.159
9.037
10.641
15.484
10.191
9.164
12.603
12.500
9.109
11.576
12.676
9.235
11.377
12.695
10.174
11.224
10.515
11.328
12.403
9.207
17.745
11.471
9.643
11.099
12.467
9.429
9.007
15.617
10.234
9.425
16.424
10.278
10.252
11.482
12.138
9.164
12.648
11.263
10.649
12.460
10.650
10.877
11.361
11.132
12.318
12.391
9.477
10.521
13.052
9.262
10.176
16.438
10.241
10.174
13.466
11.426
10.360
11.413
11.761
10.219
12.467
12.486
9.333
11.176
11.166
9.609
11.386
10.573
12.301
11.366
10.814
10.769
14.005
9.261
10.415
20.992
9.169
10.348
16.455
9.206
9.444
13.691
10.322
9.490
12.423
11.261
9.241
11.347
13.254
9.354
12.455
12.581
9.106
12.562
9.398
10.550
12.667
9.441
12.386
11.347
9.539
11.416
12.314
9.391
10.192
13.021
9.413
9.650
15.544
9.281
10.486
15.292
9.497
9.339
14.152
10.687
10.254
12.597
11.330
9.245
12.723
11.396
10.181
32.286
10.193
12.913
9.901
10.327
11.778
11.033
9.311
14.089
13.763
10.451
19.853
12.389
