3.676
4.388
3.410
3.579
5.050
6.654
3.589
4.191
3.572
3.535
5.187
5.061
3.694
4.470
3.390
3.685
6.569
5.260
3.540
5.084
3.646
4.714
7.545
5.441
3.444
5.365
3.417
4.694
5.437
3.431
3.641
4.015
3.667
5.285
6.881
3.417
3.634
4.980
3.384
6.146
6.024
3.440
3.674
4.210
3.560
5.544
6.203
3.530
3.604
4.122
4.703
6.525
4.903
3.512
3.535
5.204
5.098
5.861
5.086
3.555
3.535
5.351
5.003
3.610
5.008
3.704
3.586
6.599
4.969
4.734
5.136
4.505
15.137
20.193
3.587
3.534
4.989
3.367
5.351
5.848
3.524
3.614
5.116
4.589
5.044
4.234
3.603
3.619
5.117
4.824
5.244
4.286
3.440
3.664
5.382
5.241
4.592
5.007
3.661
4.694
4.077
5.924
3.608
4.324
4.627
6.567
5.320
5.317
3.665
4.177
3.500
3.462
6.541
4.465
3.775
4.225
6.363
3.772
6.793
6.567
7.500
7.692
6.756
8.824
3.732
3.609
4.621
3.751
5.454
3.802
4.075
3.593
3.914
5.045
5.274
4.683
3.651
3.442
4.736
5.491
5.411
4.872
3.719
3.580
5.229
4.904
4.322
4.977
3.697
3.645
4.916
7.196
3.739
4.871
3.592
4.647
4.947
5.809
4.565
5.028
3.505
3.580
5.215
5.274
3.532
5.141
3.615
3.605
5.476
4.640
3.664
5.064
3.809
3.708
6.018
4.835
4.989
5.362
3.663
3.629
6.957
3.916
3.466
5.025
3.632
4.764
5.274
3.504
4.680
4.721
3.615
21.239
5.860
3.507
3.616
5.088
3.716
5.228
6.274
3.459
3.530
4.949
3.753
5.813
5.894
3.611
3.501
4.993
4.770
5.583
4.925
3.807
3.638
4.851
3.724
6.808
5.367
3.906
3.561
5.093
4.156
3.471
6.003
3.472
4.688
5.082
4.020
3.640
5.195
3.446
3.640
4.945
3.496
5.313
5.320
3.473
3.709
5.132
5.292
4.773
6.145
3.552
4.716
5.542
3.913
3.475
5.945
3.634
4.827
5.285
3.541
6.051
6.243
3.605
3.757
6.014
4.113
4.923
5.103
3.607
3.558
5.263
4.597
5.165
5.153
3.521
3.615
4.313
5.505
3.634
6.205
3.509
3.534
5.488
3.468
5.274
5.983
3.490
3.535
5.180
3.411
5.285
6.560
3.529
3.693
5.283
3.485
5.401
5.389
3.553
3.841
4.218
3.573
5.390
5.442
4.701
3.587
4.546
3.394
6.426
6.366
3.470
3.681
5.510
4.653
5.240
5.579
3.472
4.750
5.347
3.473
6.359
6.661
3.506
3.672
4.491
3.718
5.592
6.320
3.578
3.722
5.532
5.174
3.526
6.112
3.500
3.659
5.335
3.538
5.895
6.256
3.720
4.810
5.245
5.794
3.677
6.036
3.740
3.766
5.166
4.915
4.092
6.052
3.742
4.776
5.225
3.769
5.071
6.544
3.602
3.825
5.251
3.717
6.260
16.804
3.537
3.618
5.255
3.708
5.944
5.116
3.599
3.617
5.057
3.539
6.002
5.299
5.067
3.512
5.388
3.437
5.682
6.269
3.531
3.660
5.096
3.662
5.707
6.166
3.640
3.722
4.104
3.542
5.792
6.422
3.448
3.735
5.359
3.552
4.849
6.108
4.670
3.840
4.174
3.597
4.379
6.420
3.719
3.511
5.412
3.654
5.555
6.280
4.696
3.545
5.290
3.380
5.634
6.183
3.559
3.739
5.057
3.801
5.832
6.306
3.437
3.758
5.020
3.706
5.517
6.269
3.586
3.618
5.363
4.585
5.402
5.085
3.506
3.569
4.980
3.592
5.166
6.718
3.605
4.694
4.145
3.485
5.212
6.798
3.608
3.605
4.223
4.877
4.225
6.107
3.673
3.627
5.002
3.744
5.217
5.642
3.444
3.917
5.156
3.688
4.186
7.035
3.552
3.580
5.236
3.580
5.646
6.524
3.435
3.646
5.237
3.718
5.404
20.330
3.641
3.567
4.372
4.785
4.944
5.178
3.651
3.584
5.112
4.755
5.589
5.290
3.467
3.744
4.983
4.932
7.727
7.536
6.684
21.997
3.731
5.473
5.183
3.705
5.410
3.498
3.699
5.102
4.783
3.710
6.507
3.471
3.512
5.067
3.624
6.436
5.147
3.603
3.448
4.946
3.881
5.281
5.915
4.764
3.617
4.992
3.672
5.178
6.242
3.686
3.656
4.987
3.783
5.992
5.993
3.509
4.736
4.996
4.748
5.280
4.975
4.850
3.476
5.021
5.284
5.251
4.872
4.745
3.624
8.043
3.626
4.646
5.133
3.817
3.617
5.153
20.900
3.813
5.168
4.208
5.475
4.998
6.179
3.895
4.906
3.636
5.577
5.108
5.302
3.746
5.130
3.587
4.725
5.552
5.055
3.607
5.242
3.689
3.554
5.403
5.398
3.511
4.929
3.714
3.797
7.013
4.383
3.675
5.040
3.843
3.687
6.853
4.385
3.703
4.971
3.684
3.699
19.881
3.868
3.456
4.973
3.635
4.625
5.686
3.660
3.577
4.849
3.730
4.805
5.437
3.636
3.509
5.144
5.055
4.828
5.101
3.472
3.537
5.128
3.633
3.430
7.763
3.478
3.612
4.943
3.686
3.702
7.442
3.647
3.566
5.134
3.683
4.626
5.466
4.737
3.841
5.015
7.069
3.665
5.309
4.782
3.603
4.925
3.601
5.350
6.103
3.550
3.889
5.206
3.455
5.157
6.679
3.498
3.709
5.042
3.729
5.070
6.001
3.662
3.413
4.956
3.661
4.485
5.856
3.763
3.531
5.176
3.895
5.184
6.167
3.626
3.555
4.928
3.574
5.449
6.010
3.514
3.658
5.331
3.613
5.161
5.944
3.676
3.490
5.154
3.680
4.526
6.062
3.677
3.554
4.871
3.790
5.464
6.023
3.668
4.646
5.134
4.810
5.135
5.032
3.528
3.624
5.200
4.950
5.051
5.051
3.843
3.566
5.960
3.725
5.311
4.945
3.610
3.929
5.048
4.770
5.378
5.011
3.704
4.690
4.957
3.685
7.537
5.213
3.570
3.488
5.155
4.798
4.997
5.127
3.768
3.588
5.075
5.249
4.996
5.178
3.770
3.516
5.054
4.851
4.582
4.880
3.853
5.224
5.321
3.810
4.553
4.884
3.811
3.567
5.048
4.157
4.504
4.992
3.750
4.637
5.773
6.506
3.792
5.100
3.657
3.505
6.477
5.492
4.660
4.970
3.549
5.234
5.183
5.289
3.581
5.181
3.658
3.518
5.022
6.336
3.457
4.926
3.694
3.553
5.295
5.145
3.622
4.977
3.952
3.584
7.336
4.338
3.859
4.888
3.572
3.869
7.092
4.446
3.686
4.981
4.728
4.801
7.167
4.248
3.548
5.258
3.556
3.627
7.185
3.518
3.458
4.942
3.897
4.675
7.384
3.533
3.547
5.075
7.175
3.584
19.669
3.747
3.764
5.116
4.792
4.868
5.055
3.744
3.632
6.580
3.752
5.204
4.897
3.625
3.720
7.394
3.774
4.396
4.927
3.572
3.612
5.031
5.261
4.760
4.943
3.586
3.628
7.319
3.731
5.587
4.971
3.628
3.532
5.131
5.862
5.519
5.079
3.661
3.478
5.074
6.057
4.634
5.434
3.633
3.481
5.425
5.608
3.564
5.164
3.543
3.543
6.450
5.045
3.696
5.160
4.014
4.729
5.426
4.547
3.660
4.962
3.537
3.953
7.416
4.490
3.631
5.095
3.835
6.086
4.997
4.527
3.828
4.952
4.793
4.639
5.098
3.398
3.638
4.773
3.720
3.597
20.477
3.563
4.789
5.081
3.906
5.344
5.755
3.765
3.671
5.316
6.348
4.853
5.015
3.610
3.679
6.587
4.536
4.680
5.072
3.555
3.604
5.273
4.780
5.613
5.220
3.961
3.486
5.030
6.498
4.580
4.966
3.550
3.603
4.908
6.031
5.948
4.950
3.779
5.243
5.080
5.009
3.558
4.935
3.600
3.670
5.106
5.190
4.753
6.658
3.991
3.634
7.417
4.472
3.505
5.009
3.556
3.606
7.295
4.293
3.683
5.121
3.649
3.572
7.777
3.429
3.512
5.207
3.713
3.546
6.148
4.488
3.517
4.932
3.520
4.739
5.943
3.572
3.870
4.993
6.110
3.562
6.769
3.530
3.659
5.045
5.871
4.748
20.279
3.795
3.672
4.815
5.360
4.962
5.163
3.591
3.660
5.154
5.709
4.436
5.005
3.682
3.512
5.209
7.195
3.638
5.357
3.763
3.739
5.448
5.836
3.591
5.020
3.703
3.686
