4.327
6.763
5.490
5.082
6.965
5.352
3.981
7.066
8.631
3.955
6.953
5.581
3.786
7.208
5.446
3.807
7.277
6.701
4.864
7.018
6.516
3.978
6.743
6.985
6.477
21.348
6.153
5.285
6.916
5.560
5.073
7.462
5.403
5.289
7.027
6.533
8.965
6.754
5.593
3.842
7.093
5.547
3.919
7.143
5.545
6.238
8.149
19.115
4.619
6.746
5.458
4.080
6.704
6.593
6.417
21.611
4.031
3.824
6.679
5.503
3.969
6.738
5.778
6.534
14.653
4.233
4.033
6.906
5.469
3.777
6.767
5.543
7.054
8.747
3.913
5.001
7.131
4.350
4.119
6.993
5.454
6.302
11.712
3.754
3.805
6.818
5.352
3.753
7.101
5.621
6.214
8.361
5.178
4.288
6.876
5.618
4.013
6.539
6.791
6.941
6.964
4.419
3.994
6.725
5.583
4.006
6.987
6.482
7.457
7.006
4.270
4.039
6.868
6.635
3.788
6.844
5.561
6.579
6.885
5.593
3.872
6.761
6.755
4.093
7.196
5.574
9.715
6.871
5.847
4.897
6.731
5.550
3.997
7.120
9.239
4.445
6.932
7.314
3.854
6.839
5.281
3.823
6.910
9.476
4.070
6.783
5.713
4.096
6.861
5.584
3.797
7.073
7.398
5.095
6.759
5.421
4.010
6.743
20.323
3.972
10.522
5.538
3.965
6.775
19.487
3.949
6.776
6.831
8.497
6.854
5.390
3.906
7.122
20.544
3.921
7.022
8.362
4.858
6.855
5.573
3.883
6.995
5.722
3.835
9.436
5.531
5.044
6.973
5.281
5.004
6.884
5.527
7.187
6.703
5.417
3.774
6.820
5.690
3.865
6.949
7.195
4.979
6.790
5.740
3.824
7.145
6.541
3.890
8.784
12.609
5.270
6.868
5.468
3.951
20.983
4.850
6.654
6.687
5.548
3.940
20.917
4.156
3.928
7.857
7.445
4.053
6.666
5.502
3.972
6.857
5.487
6.192
7.724
4.559
3.950
6.967
5.793
4.169
6.785
7.474
4.931
6.970
5.868
3.840
7.086
5.634
4.016
8.835
9.628
3.879
6.877
7.016
3.905
6.854
6.651
5.400
6.993
5.650
3.875
7.131
6.680
3.957
9.001
6.120
3.912
6.758
6.806
3.920
6.848
5.753
6.971
6.849
5.513
4.001
9.010
5.918
5.104
8.408
5.558
3.867
7.033
6.770
3.874
7.220
5.679
10.077
7.309
5.397
3.957
6.731
5.402
4.183
8.212
8.298
4.828
6.831
5.721
3.904
6.927
8.982
6.911
6.923
5.581
3.973
6.878
5.596
5.812
7.550
5.495
3.814
6.940
5.419
3.854
7.645
7.720
4.967
6.830
5.425
3.890
6.984
6.623
9.791
7.051
4.521
4.061
6.934
5.609
4.007
9.877
4.781
17.412
4.225
3.921
3.970
7.693
6.744
3.895
6.880
5.309
3.998
7.401
7.381
5.073
7.131
5.592
3.937
6.780
5.421
5.390
7.935
5.634
5.020
7.155
5.997
6.352
8.884
4.634
6.142
7.101
4.187
6.157
6.899
9.694
6.413
6.775
4.064
6.157
6.893
6.936
6.935
6.814
5.267
6.304
6.798
6.477
6.732
6.866
5.422
6.178
7.067
5.449
7.024
18.595
4.130
6.264
7.209
5.169
7.032
8.150
4.137
6.724
6.658
5.025
6.294
13.384
3.700
20.637
3.959
3.869
6.170
9.246
3.747
6.533
7.052
4.171
6.751
9.005
4.253
6.341
6.805
5.120
6.362
9.367
4.229
6.268
8.424
4.780
7.211
8.238
4.289
6.192
7.084
4.137
6.900
7.397
6.331
6.295
6.985
4.103
6.148
20.980
4.302
6.288
6.773
4.070
6.320
10.222
3.692
6.508
6.956
4.311
6.251
9.875
3.822
6.189
6.854
4.167
6.150
10.914
3.871
6.169
6.774
5.426
6.186
9.112
3.879
6.183
7.000
4.029
6.245
14.199
3.844
5.233
6.897
4.245
9.286
7.275
4.022
6.153
6.840
5.337
9.176
6.691
4.131
6.252
6.875
6.720
6.998
7.040
5.266
6.531
7.241
8.526
6.589
7.400
5.958
6.463
12.725
5.117
6.354
7.043
5.585
7.557
8.515
4.400
6.300
7.145
6.877
7.713
6.906
5.192
6.299
7.010
6.510
6.168
6.779
19.543
6.323
10.226
3.913
6.162
6.979
5.274
17.000
4.121
3.724
6.291
6.874
6.826
6.435
6.936
4.222
6.433
9.501
4.879
5.238
6.775
11.218
9.372
11.432
6.826
6.830
10.661
6.916
4.373
3.855
8.787
7.436
4.969
6.926
5.419
6.828
6.865
6.982
3.887
6.901
8.442
6.663
7.212
4.405
6.228
7.672
5.437
3.936
6.850
13.032
5.137
6.759
6.705
6.123
9.017
5.510
3.904
6.688
8.957
4.086
7.369
5.599
3.893
10.279
5.602
3.901
7.112
7.122
4.979
6.955
5.610
3.918
20.883
3.754
3.926
7.017
9.171
5.063
6.869
5.536
6.232
8.526
7.037
4.893
5.369
6.385
5.061
5.046
4.756
6.454
4.553
3.869
5.100
5.452
4.856
4.043
5.042
6.217
4.010
6.116
3.885
3.936
3.990
6.598
4.100
3.990
6.307
3.947
5.031
3.754
3.996
6.548
6.545
5.064
3.943
3.872
4.129
6.149
5.176
3.870
3.999
6.215
4.696
3.910
5.194
4.003
6.291
3.709
3.895
5.411
4.061
5.356
4.020
3.815
4.004
6.437
4.585
5.300
5.244
4.112
5.141
5.232
3.876
6.183
4.124
4.804
3.929
4.052
3.943
7.332
4.294
3.792
6.256
5.217
5.062
3.977
4.503
3.921
6.601
4.017
4.118
3.933
5.457
5.976
3.979
4.170
3.818
6.197
6.001
4.072
3.976
4.134
6.030
5.021
5.346
5.188
6.254
5.888
3.816
3.971
3.950
6.578
3.917
4.177
4.977
5.117
5.371
4.116
4.094
4.060
6.390
4.781
4.054
4.859
5.138
5.500
3.810
3.918
4.246
4.969
6.362
4.021
3.734
3.967
6.581
3.717
5.202
6.432
3.939
4.654
4.040
3.947
5.280
9.017
3.794
3.935
4.034
3.899
6.167
4.342
4.796
3.982
6.685
4.756
5.106
4.163
5.083
5.653
4.081
4.015
3.955
6.757
5.017
4.007
4.134
3.936
7.061
4.308
3.841
6.266
5.254
5.093
4.090
4.286
4.869
6.798
4.144
3.757
3.946
4.334
5.815
3.945
5.057
3.857
6.202
6.172
3.942
3.814
4.012
6.282
5.002
4.057
16.969
5.406
4.101
3.757
4.277
5.998
4.918
4.024
5.070
3.860
5.262
5.159
3.875
3.880
4.073
6.059
4.021
4.301
3.776
5.096
5.404
3.929
4.016
5.500
6.853
3.856
3.982
5.514
5.105
5.186
3.748
3.976
4.263
8.139
5.128
5.133
6.427
4.062
5.058
3.860
4.002
5.346
6.705
4.763
3.962
6.215
4.108
5.499
4.945
4.887
6.518
6.187
5.298
4.167
4.949
5.146
20.746
5.041
3.969
3.981
6.637
3.987
4.337
3.876
6.175
4.996
3.977
3.992
4.501
7.521
3.988
4.177
4.965
4.420
5.397
4.883
3.971
4.157
6.124
6.041
5.366
6.213
4.098
5.243
3.798
4.182
6.648
4.066
4.760
4.273
5.095
4.720
5.525
3.918
4.848
4.079
5.008
4.905
4.261
4.923
3.936
7.101
3.921
3.954
4.184
20.142
4.829
4.066
3.892
5.296
5.767
3.767
4.961
6.485
4.139
4.840
4.121
3.851
3.978
7.200
3.968
5.042
6.528
4.996
4.732
4.109
5.062
19.106
5.518
3.817
4.064
5.317
5.226
5.729
4.034
3.932
5.279
5.876
4.800
4.176
6.621
3.761
4.986
4.238
3.989
5.957
5.350
3.735
4.028
5.423
5.133
4.993
4.190
3.720
3.938
8.025
3.948
3.963
5.339
3.960
5.220
4.295
4.179
5.069
7.301
3.777
3.977
5.405
17.817
4.182
3.984
5.028
5.323
5.234
3.702
3.939
4.416
6.105
6.006
4.149
3.802
3.943
6.304
3.824
5.059
4.371
4.997
4.801
4.175
3.989
3.949
7.461
3.833
4.038
5.389
3.971
4.976
5.410
3.955
4.147
21.203
4.772
4.062
4.138
6.414
5.716
4.257
4.014
5.171
5.539
3.871
4.135
4.152
5.222
5.302
4.125
3.766
5.099
6.713
5.113
4.224
3.967
6.144
5.396
3.900
4.961
3.991
7.213
3.893
5.211
6.244
5.224
