8.930
8.513
9.384
7.004
8.382
9.248
8.199
10.738
7.346
10.295
8.447
8.311
7.869
8.510
9.752
8.318
10.559
8.389
8.272
9.267
7.195
8.779
8.546
10.424
7.192
8.409
8.005
8.253
9.742
7.268
9.638
8.334
8.513
7.931
8.340
8.758
7.254
10.458
7.257
8.570
9.093
7.371
9.601
8.366
9.572
7.239
8.835
8.235
8.285
9.778
7.400
10.333
8.481
9.039
7.100
8.335
8.822
7.044
10.459
7.265
8.336
9.230
12.249
11.931
9.777
7.172
10.690
7.229
10.478
8.504
8.379
9.397
8.529
8.266
7.486
10.544
7.071
8.628
8.840
8.198
7.216
8.568
8.551
7.168
10.825
7.268
8.343
8.586
7.209
9.645
7.621
10.300
8.668
9.223
7.147
8.296
10.015
7.099
10.413
8.718
12.004
8.671
8.556
8.559
8.403
10.812
7.130
9.064
7.460
8.283
8.847
8.559
10.272
7.259
9.610
7.260
8.420
9.368
8.303
9.758
8.391
9.141
6.426
8.857
9.048
8.539
10.639
8.180
10.630
8.592
8.232
9.303
8.589
7.573
8.565
23.587
7.243
10.431
7.508
8.236
9.311
8.606
7.797
8.514
9.627
7.234
8.520
8.322
6.208
8.833
7.506
9.179
7.477
9.162
8.041
8.661
8.456
7.083
10.454
7.507
19.149
7.604
8.575
8.493
8.219
11.265
8.308
10.395
7.736
8.517
9.059
8.552
8.583
8.534
10.454
6.979
8.940
8.318
8.194
9.106
8.606
10.210
7.301
9.818
7.255
8.355
23.029
8.203
8.255
8.532
10.355
8.397
11.538
7.252
8.599
23.003
7.213
8.967
8.654
9.119
7.335
8.784
7.878
8.327
10.011
7.180
10.410
8.619
8.235
8.163
8.497
7.996
7.542
22.958
8.198
10.307
8.543
8.291
9.174
8.519
8.883
7.317
10.399
7.066
8.828
7.562
8.314
9.938
8.531
9.779
7.447
9.619
8.317
10.314
7.491
8.321
7.523
7.644
10.300
8.245
8.688
7.825
8.260
11.854
8.352
8.784
8.805
10.276
8.419
8.851
7.861
8.359
9.239
7.210
10.400
7.453
8.760
7.213
8.727
7.358
7.302
10.054
7.291
10.535
7.400
8.309
8.377
8.660
10.724
7.413
24.889
6.336
8.452
8.246
7.276
9.106
7.362
9.270
7.378
9.226
7.020
7.406
9.559
7.415
10.418
7.566
9.041
7.501
8.591
8.476
7.184
10.534
7.463
11.221
7.573
8.567
9.189
8.576
7.405
7.716
11.004
7.202
8.817
9.273
8.525
8.425
8.819
9.202
7.332
9.411
8.286
8.378
9.101
8.178
10.425
8.646
8.911
8.653
9.032
7.880
7.243
11.480
7.167
18.509
7.693
9.133
7.464
9.384
9.105
7.567
11.608
22.362
10.782
7.360
10.630
8.322
8.778
7.993
8.547
9.518
7.533
10.930
7.317
11.020
8.487
8.510
9.129
8.411
8.207
7.351
10.552
7.446
8.454
8.533
8.699
7.985
8.498
9.912
8.501
10.328
7.161
9.122
8.372
8.372
7.895
8.621
10.779
7.128
10.500
7.107
8.449
9.005
8.422
8.534
8.536
9.728
7.431
10.366
7.360
8.224
9.113
7.287
10.605
8.345
9.281
8.299
9.087
7.456
8.243
9.205
7.381
9.717
8.299
9.612
7.272
9.564
8.518
8.167
8.971
7.254
10.446
8.229
9.526
7.461
8.321
8.393
8.177
9.660
7.183
10.285
8.683
10.392
7.104
8.366
7.929
7.413
10.380
7.417
10.455
8.356
9.101
7.156
8.504
7.861
8.233
10.839
7.391
10.931
8.468
10.419
8.338
8.675
24.398
8.573
9.688
7.186
9.477
8.389
9.202
8.477
8.365
8.495
8.369
8.871
7.415
8.700
8.323
9.410
7.439
8.340
8.329
8.319
9.315
7.178
10.294
8.503
9.282
8.317
8.329
8.591
8.196
9.674
7.325
24.375
12.072
7.663
10.567
7.305
9.059
7.528
8.334
8.111
7.420
10.288
7.228
24.702
7.033
21.991
8.877
8.418
7.806
7.695
9.671
8.315
10.895
7.120
9.227
7.574
7.060
8.608
7.573
9.193
8.455
12.149
7.114
8.386
25.784
8.376
10.214
7.596
8.927
7.445
9.028
8.379
7.182
10.930
7.263
9.018
8.658
8.504
8.393
7.706
10.195
7.352
9.192
8.259
8.500
9.169
7.175
10.318
7.619
8.202
7.569
7.548
8.645
8.413
10.785
7.294
8.357
9.558
7.258
9.307
8.706
9.292
8.856
11.867
7.050
8.334
9.450
8.355
10.031
7.684
10.341
7.285
8.598
7.908
7.549
11.622
7.229
10.482
7.560
8.326
9.214
7.883
18.173
7.505
10.817
7.217
8.853
8.799
7.390
9.877
7.578
10.283
7.430
10.661
7.217
7.559
9.475
7.130
10.493
7.393
8.526
8.180
7.841
8.498
8.656
9.769
7.213
8.481
8.539
7.236
9.903
8.710
9.151
8.340
24.447
7.268
8.576
9.491
7.215
10.258
8.630
9.692
8.900
8.516
8.572
8.223
10.619
7.009
8.633
8.548
8.191
9.025
8.763
9.138
7.394
9.500
7.233
8.557
11.401
7.118
10.532
8.676
8.444
7.163
8.712
9.213
8.479
10.038
8.391
8.470
8.393
7.042
11.300
7.658
10.205
8.394
9.174
7.298
8.515
8.942
8.206
10.779
8.526
8.730
8.613
8.587
7.661
8.573
11.283
8.200
8.786
8.611
8.412
7.946
7.616
9.547
7.311
9.532
7.246
8.275
17.349
7.130
10.218
8.598
9.213
7.455
8.811
7.752
7.280
11.687
7.178
10.545
8.655
8.276
7.811
8.574
21.874
7.503
21.072
7.331
10.436
8.496
8.312
8.025
7.846
10.739
7.039
24.977
8.277
9.213
8.485
8.189
8.557
8.648
11.163
8.617
10.588
8.170
8.637
8.494
8.223
11.219
8.634
9.172
7.417
9.122
8.006
8.563
23.869
7.129
11.027
7.823
10.330
7.503
22.661
8.279
8.486
9.064
7.250
10.704
8.606
8.735
8.469
9.003
9.213
8.463
11.437
7.162
10.482
8.639
8.192
9.297
7.534
10.927
8.378
10.376
7.287
8.466
8.057
8.205
24.178
7.495
11.393
8.339
10.362
7.538
8.329
8.179
8.313
10.492
7.385
10.338
8.483
8.444
8.338
8.316
8.946
8.335
10.327
7.278
8.692
8.351
8.391
7.528
8.608
9.403
8.372
8.859
7.532
8.237
9.135
7.141
11.465
8.527
9.628
8.288
19.155
8.119
7.483
9.738
7.216
10.317
8.723
8.986
7.231
8.619
8.048
7.282
10.653
7.634
9.291
8.409
8.571
7.650
8.241
9.757
7.238
8.731
8.015
8.312
9.517
7.265
10.932
8.692
10.446
7.016
8.624
8.174
8.323
9.016
7.448
9.122
8.443
9.015
8.348
8.258
8.541
7.200
10.397
7.489
8.864
8.498
8.527
9.585
8.448
9.239
8.345
10.254
7.618
9.167
8.414
7.687
8.512
8.360
10.391
7.110
8.518
8.579
8.542
8.782
7.253
10.309
8.590
8.370
8.245
8.618
7.813
8.214
10.008
7.318
8.539
23.568
8.408
9.082
8.598
8.214
8.347
10.916
7.392
10.201
8.698
8.370
7.732
8.555
14.792
11.537
8.510
10.335
7.575
9.132
8.537
9.195
7.984
8.358
9.325
7.216
10.377
7.641
10.346
8.366
10.667
7.337
8.402
11.049
8.307
9.009
8.587
10.145
8.273
10.608
7.480
8.246
9.351
8.200
8.721
8.535
10.234
8.503
9.549
8.206
8.514
9.953
8.212
10.382
7.530
9.088
7.478
8.879
8.363
8.370
11.705
7.007
10.504
8.653
8.818
7.354
8.751
7.398
8.456
11.629
8.288
10.323
7.669
8.372
8.523
8.810
8.676
8.246
11.139
7.022
9.671
9.039
9.022
7.405
8.708
8.880
7.411
11.352
7.289
10.406
7.528
8.276
8.902
8.729
10.905
8.387
10.978
7.221
8.852
7.493
8.348
8.945
7.669
10.283
7.372
10.983
7.129
8.461
9.639
7.132
9.204
7.544
9.235
7.440
9.477
7.256
7.400
11.545
7.137
10.937
8.474
10.177
8.460
8.776
8.185
8.543
23.537
8.299
10.401
8.693
10.202
8.214
8.853
8.149
8.786
9.810
7.245
10.682
7.665
8.227
8.126
8.899
7.606
8.557
11.656
7.061
10.493
8.642
8.362
9.406
8.853
10.853
7.133
11.881
7.305
10.580
8.538
9.037
