3.627
3.501
4.973
4.112
4.810
5.022
4.330
4.725
4.303
3.605
4.478
4.027
4.815
5.311
5.064
3.119
4.505
5.106
3.163
4.717
9.950
3.207
4.618
3.995
3.379
6.285
5.083
3.443
4.841
4.339
3.489
4.675
3.738
3.412
4.645
7.560
4.039
4.494
3.783
3.264
4.564
5.382
3.275
5.778
5.556
3.176
4.500
5.630
3.243
3.521
5.579
5.680
4.605
5.028
3.274
4.541
5.647
3.910
4.602
6.004
3.316
4.632
3.888
3.466
5.514
5.081
3.156
6.244
4.963
3.218
4.657
4.280
3.314
4.560
7.386
3.661
3.523
5.187
3.313
4.379
6.292
3.172
6.872
5.313
3.110
4.558
5.028
3.375
5.721
5.040
4.122
4.655
3.924
3.685
4.653
5.565
3.546
4.494
7.462
3.451
4.810
4.285
3.437
3.416
5.344
4.301
6.543
3.693
3.175
4.463
5.521
3.375
5.398
7.804
4.054
4.747
3.940
3.531
4.636
18.216
3.587
4.161
5.062
3.729
4.721
3.940
3.439
3.612
7.189
3.814
4.906
4.247
3.349
4.588
4.086
4.658
4.802
16.861
3.512
3.512
4.912
4.803
4.797
3.984
4.676
4.579
5.898
3.408
4.595
4.340
3.180
5.361
5.320
3.332
4.523
4.863
3.353
3.545
5.230
4.955
5.275
4.395
3.534
4.576
4.257
5.235
4.578
4.226
6.578
4.966
5.668
4.205
4.677
5.650
5.442
5.613
5.805
4.249
5.110
20.774
4.060
5.643
7.029
3.792
5.026
5.681
4.071
5.538
5.983
4.603
5.371
5.476
3.345
4.594
4.415
3.371
4.530
7.164
4.144
3.471
5.046
4.061
4.471
5.178
4.634
5.415
3.866
3.869
4.495
3.971
4.632
4.826
3.908
4.369
18.869
2.867
2.954
4.625
7.441
3.177
4.528
5.093
3.096
4.604
3.758
3.707
4.632
4.351
5.677
5.362
4.058
3.559
4.654
4.345
3.266
4.674
20.185
3.071
4.534
5.059
3.231
5.446
19.597
3.634
3.716
5.281
3.448
4.662
4.030
3.328
4.704
6.925
3.444
4.621
4.338
3.319
4.650
4.251
4.307
5.655
5.403
3.484
4.556
4.391
5.111
4.432
5.121
4.071
4.494
4.024
3.267
3.595
5.332
4.584
4.127
5.994
3.344
3.532
5.376
4.585
4.629
5.256
5.287
4.432
4.024
3.373
5.064
5.135
3.660
18.575
5.487
3.008
3.449
19.114
3.116
4.699
6.197
5.236
4.440
5.092
3.348
4.570
5.316
3.241
5.545
5.353
3.532
18.736
3.151
3.046
5.733
19.229
3.705
4.465
5.080
3.402
4.547
5.052
3.425
5.865
5.580
3.238
4.722
3.837
3.315
4.534
5.047
4.189
5.286
4.340
3.626
4.627
4.372
4.230
4.959
5.546
3.307
3.600
5.186
3.337
4.606
4.336
4.595
7.070
4.084
2.898
3.483
4.987
3.637
4.551
21.239
3.202
4.606
4.368
3.353
4.818
6.377
3.184
5.059
5.264
3.158
4.572
5.109
4.653
4.504
5.074
4.622
4.648
4.527
3.496
4.632
5.487
3.196
7.907
4.169
3.316
4.411
4.502
3.351
4.524
5.283
5.890
4.499
5.111
3.186
3.455
5.324
3.497
5.042
6.104
4.463
3.381
5.314
3.754
4.741
5.347
5.064
5.412
4.145
3.341
3.721
5.268
4.019
4.726
5.122
4.178
3.495
5.905
3.764
4.595
19.254
3.544
5.183
4.834
3.441
4.683
4.200
3.341
4.762
7.122
4.220
3.324
5.265
3.518
3.596
19.719
3.131
5.066
19.484
3.106
4.452
5.299
3.236
5.491
7.363
2.970
4.637
4.973
4.094
4.410
3.992
5.100
5.615
5.397
3.362
4.962
3.703
5.055
5.447
3.453
3.808
5.488
3.700
3.064
5.326
6.196
3.169
5.065
4.566
3.108
5.118
4.280
3.086
5.050
4.845
4.998
4.918
5.165
3.103
7.285
6.034
3.154
5.209
4.739
2.986
4.928
3.820
2.987
5.128
4.909
4.011
5.615
3.505
3.051
5.192
3.429
3.176
5.018
6.635
3.142
5.199
3.705
3.091
5.954
5.033
3.030
5.876
3.962
3.023
4.973
3.651
2.997
5.370
5.711
4.567
5.599
3.349
2.978
5.291
3.683
2.958
7.265
4.422
3.269
5.096
3.790
3.113
7.215
3.456
3.312
7.062
3.662
3.102
5.046
3.684
3.154
5.161
6.219
3.129
5.599
3.649
3.104
5.368
5.032
4.976
6.933
3.170
2.973
5.261
3.752
3.150
5.036
6.204
3.730
4.977
4.772
3.063
5.267
5.820
3.171
4.939
4.608
3.082
4.911
3.781
3.147
5.254
4.624
3.518
6.568
3.307
3.214
5.329
5.713
2.998
4.940
5.787
3.139
4.039
4.270
3.287
4.171
5.205
5.796
5.509
3.136
3.235
4.988
3.615
3.098
5.049
5.371
3.859
5.332
3.637
3.090
5.470
3.960
4.174
6.305
4.227
2.994
4.858
4.124
4.267
6.405
3.466
3.876
5.120
3.649
3.123
5.019
4.806
2.976
7.316
4.603
3.145
5.301
3.684
3.039
5.127
3.550
4.680
6.547
3.583
3.034
4.824
4.169
4.976
5.393
4.827
3.080
5.187
3.527
3.139
5.132
7.191
3.186
7.183
3.099
3.260
4.955
3.772
3.033
5.405
5.171
3.732
4.977
4.868
3.255
5.539
3.868
3.089
6.801
5.198
2.977
5.081
4.151
4.242
6.354
3.444
4.262
4.367
3.886
3.117
5.131
3.628
3.111
6.154
5.603
3.108
5.015
3.940
3.271
4.870
3.855
4.821
6.050
3.745
3.081
4.902
4.818
5.724
5.490
6.370
3.138
4.931
18.803
3.364
19.177
4.012
4.128
4.906
3.740
3.062
5.199
6.896
3.205
5.961
3.959
3.047
5.020
3.779
3.386
3.938
6.320
3.851
5.042
3.774
3.157
20.334
3.653
6.867
8.770
7.639
5.226
21.436
4.542
4.002
3.637
4.800
5.015
4.477
6.106
4.171
3.170
4.689
4.126
3.344
4.576
7.088
4.381
4.528
19.251
3.491
5.440
15.739
4.907
4.906
4.800
3.194
4.602
4.408
3.297
6.046
5.715
3.456
4.586
4.050
3.422
4.617
5.728
5.387
3.747
5.197
3.792
4.820
7.066
3.197
5.206
5.308
3.208
4.498
5.786
3.325
4.759
7.244
4.017
4.562
5.063
3.213
4.519
5.557
5.347
6.547
5.130
3.351
4.720
5.523
4.210
4.614
5.630
2.977
4.497
4.063
16.108
5.457
3.797
6.564
4.630
4.006
3.790
4.646
4.389
3.307
6.586
5.739
3.249
4.411
5.690
3.181
4.518
6.294
5.370
4.666
4.961
3.300
4.552
8.004
3.311
4.606
7.011
3.293
4.701
4.473
3.820
4.580
6.224
4.852
4.528
19.592
3.371
4.607
3.982
3.913
7.150
4.473
3.305
4.525
6.814
6.379
4.635
7.239
4.270
4.535
5.152
3.260
4.719
4.107
4.597
6.146
3.964
3.768
4.701
7.126
3.389
4.898
5.354
4.216
4.505
4.511
3.575
4.602
7.157
5.489
5.928
5.074
3.186
4.987
5.499
5.478
4.594
6.956
3.461
4.335
5.381
4.564
4.612
3.836
5.062
5.334
5.072
3.217
3.597
5.207
3.705
5.431
8.100
3.215
4.989
5.216
3.327
5.283
7.008
3.233
5.390
4.337
3.542
4.533
5.118
3.604
4.591
7.915
3.172
4.534
5.414
3.520
4.388
5.111
5.403
5.764
5.198
3.400
4.574
5.596
4.443
4.596
4.267
4.610
4.760
3.955
3.790
4.470
4.130
5.462
6.445
3.872
3.549
3.650
5.156
5.425
4.542
5.602
3.188
17.837
3.473
3.350
4.541
4.605
4.666
5.422
4.095
4.629
4.592
6.895
3.488
4.622
5.136
3.484
4.688
5.058
3.438
4.619
4.882
5.380
5.518
5.736
3.556
4.646
5.026
4.018
4.623
19.901
3.177
3.515
5.487
3.652
4.673
5.006
4.375
19.421
3.195
3.156
4.540
4.859
3.254
6.059
6.660
3.371
4.684
4.989
5.855
4.600
4.467
4.577
3.538
4.910
3.566
4.540
5.312
4.822
5.037
6.360
3.438
3.581
5.183
4.976
5.474
4.463
4.831
4.614
5.043
3.643
19.036
3.400
4.951
5.035
5.833
3.342
4.651
5.139
4.827
4.865
6.214
3.413
4.645
5.511
3.645
4.603
7.351
