4.765
8.686
6.874
5.183
6.898
6.748
5.359
6.249
21.536
4.970
6.508
10.288
4.987
5.080
10.912
5.194
5.008
10.381
5.166
5.129
7.111
8.060
5.167
17.589
7.064
5.072
7.295
6.811
4.936
6.898
8.333
4.999
6.906
5.545
7.353
7.193
6.344
5.576
6.715
5.604
17.495
5.154
4.948
7.126
7.946
5.167
5.268
11.675
5.140
5.011
11.062
4.966
5.307
7.890
7.474
5.230
6.950
7.520
5.050
6.930
8.649
5.018
6.616
6.690
5.854
7.126
5.530
6.404
7.179
5.481
7.566
7.128
5.218
6.225
10.319
5.167
5.033
10.583
5.036
5.240
10.859
5.012
5.138
7.512
8.146
5.038
7.029
7.493
5.135
6.785
6.865
6.916
6.951
6.209
8.268
6.798
5.027
12.137
5.514
4.820
9.388
7.763
4.913
6.668
21.770
5.193
6.707
9.047
5.104
6.203
8.964
4.817
6.301
7.747
5.747
6.278
6.853
6.680
6.406
6.763
7.306
6.593
6.763
8.698
7.158
6.841
4.965
9.620
5.399
5.059
9.209
6.341
5.026
7.565
18.507
4.921
6.733
9.338
5.028
6.243
9.097
5.022
6.257
8.799
5.109
6.333
7.200
5.267
6.273
6.800
8.013
5.188
6.800
7.121
6.931
5.975
5.107
9.484
5.523
5.045
10.653
5.447
4.840
8.362
8.829
4.834
6.888
8.693
4.905
6.331
9.105
5.350
6.723
15.289
7.021
6.220
7.286
5.144
6.281
7.101
7.600
6.419
6.776
7.422
6.583
5.813
6.299
7.301
5.591
4.959
9.436
5.473
4.985
10.599
5.569
5.030
7.120
8.446
4.924
7.294
7.349
4.802
6.393
9.424
4.988
6.203
9.361
4.966
6.206
9.049
5.889
6.648
7.545
5.788
6.352
6.916
7.503
6.550
7.249
9.112
6.995
7.046
7.464
6.626
7.065
6.928
6.992
6.798
4.940
9.988
5.641
5.014
10.947
5.884
4.987
8.451
7.278
6.142
6.973
7.323
4.994
6.189
10.833
4.961
6.147
7.743
5.724
6.281
6.902
5.287
6.179
7.099
6.800
6.242
9.354
8.670
6.410
5.624
6.684
6.728
22.451
9.789
8.093
6.790
6.520
6.978
5.564
6.539
6.881
5.843
20.339
6.101
5.258
20.829
6.320
6.418
6.557
6.902
5.268
20.077
6.344
5.155
6.440
7.048
6.900
6.540
5.712
7.433
6.661
5.823
7.209
7.157
7.165
6.156
7.575
5.431
6.199
11.543
5.410
4.957
9.686
5.548
4.963
9.651
5.603
5.100
8.576
7.858
5.088
7.370
8.610
5.160
6.354
10.217
4.927
6.322
10.553
4.888
6.456
8.379
4.904
6.376
9.072
6.925
6.535
6.706
5.912
6.404
6.936
7.297
6.658
7.301
7.102
7.190
6.938
6.552
7.514
5.530
5.111
9.697
6.947
4.836
9.697
5.450
5.190
9.325
5.421
5.033
9.884
5.642
5.100
8.555
7.138
5.196
6.798
8.696
5.035
6.420
10.676
5.037
6.317
9.534
4.922
6.431
9.039
4.914
6.796
9.235
5.062
6.591
8.787
4.924
6.291
9.145
6.142
6.453
9.820
4.841
6.858
10.931
4.844
6.335
9.154
5.063
6.460
9.751
5.068
6.743
8.225
5.086
6.354
8.936
4.871
6.395
8.895
5.062
7.140
8.965
4.849
6.482
6.776
5.183
10.456
6.703
5.010
6.660
5.580
7.044
6.406
6.888
5.101
6.410
8.734
4.851
6.832
6.949
5.020
10.389
5.350
4.930
6.396
6.952
7.025
6.582
6.967
5.124
6.420
10.098
5.071
6.320
6.936
5.178
9.639
5.744
5.052
20.357
4.940
7.199
6.394
6.947
5.161
16.379
4.903
5.022
6.207
6.813
6.509
6.388
7.148
4.835
8.527
6.751
18.955
6.725
5.511
7.552
20.599
6.085
5.013
9.174
5.454
4.908
6.339
5.769
11.081
6.577
6.639
5.004
10.677
5.242
4.770
6.683
8.843
5.708
6.251
20.640
20.225
6.476
5.538
5.023
10.357
5.371
4.992
6.424
8.714
10.194
6.303
6.902
6.122
7.399
5.940
4.901
7.377
7.401
5.018
6.303
6.993
5.112
6.490
6.748
5.133
9.500
5.434
5.227
8.398
13.381
4.918
6.478
6.857
5.977
6.377
7.718
5.191
7.087
6.860
5.455
9.737
5.529
4.883
6.339
9.167
5.145
6.295
5.572
7.227
6.736
6.907
5.103
9.464
5.851
4.802
6.816
7.965
4.953
6.407
7.758
5.576
6.374
6.700
7.344
6.892
5.578
5.002
11.332
5.828
4.779
6.579
10.805
4.987
6.350
6.772
6.485
6.617
6.851
6.393
8.648
18.730
4.916
10.911
5.756
4.942
7.348
8.268
4.932
6.528
5.735
5.983
6.385
7.145
6.099
8.694
5.300
4.888
10.735
5.408
4.862
8.741
6.924
5.089
6.435
6.787
6.452
6.402
7.924
4.886
7.111
7.045
4.828
9.973
5.277
5.093
8.414
7.394
4.795
6.571
18.848
5.761
6.640
5.953
7.098
6.740
6.771
6.177
14.505
5.185
5.096
7.743
8.960
5.122
7.191
9.698
5.172
7.852
6.164
4.961
7.212
6.728
5.321
8.397
5.245
6.807
7.070
5.314
5.039
7.160
21.662
5.133
8.238
7.482
6.259
6.808
7.597
5.050
8.182
7.127
6.411
8.476
5.400
5.132
10.453
5.270
4.908
9.027
5.555
5.128
8.915
5.603
6.085
7.234
5.513
6.912
8.109
5.265
5.479
9.390
5.124
6.436
7.729
5.502
4.972
6.728
7.376
7.185
6.845
6.657
6.411
7.058
16.686
5.163
11.309
5.278
5.214
8.855
6.623
5.119
6.895
8.359
5.016
7.077
6.567
6.919
6.892
5.340
8.198
6.911
4.984
6.406
8.995
5.099
5.129
9.540
5.380
5.054
6.887
7.007
5.914
7.176
7.784
5.236
6.831
5.524
7.433
8.214
5.176
4.880
11.015
5.040
5.132
9.453
5.328
5.164
6.813
6.584
5.314
6.815
7.318
8.148
6.842
5.444
6.720
9.110
5.040
6.105
7.986
5.753
5.196
6.675
7.435
6.858
6.853
6.140
5.198
6.779
5.472
6.511
8.323
5.298
5.070
23.791
5.057
5.116
9.578
5.516
5.065
6.955
6.753
6.254
7.065
6.758
6.248
8.091
5.103
6.410
8.665
5.431
5.012
7.523
7.740
6.116
6.671
7.852
4.915
6.728
8.047
5.182
6.807
7.241
9.347
14.690
7.545
9.536
6.512
6.287
9.243
5.062
6.402
10.005
5.054
20.704
6.410
5.342
18.923
5.265
7.134
6.623
6.792
6.362
8.758
5.489
4.949
9.848
6.183
5.054
6.613
9.791
5.092
6.397
7.848
6.907
6.363
6.897
5.327
6.540
6.864
5.320
7.366
7.094
6.833
7.132
6.968
4.958
6.666
10.052
4.823
6.439
22.931
5.178
20.954
6.465
5.729
18.437
5.439
6.937
6.935
5.725
4.822
11.239
5.553
5.064
7.474
8.556
4.948
6.622
8.806
5.740
20.635
6.152
5.318
6.385
8.020
4.886
7.268
6.812
6.253
10.567
5.708
4.906
21.029
4.876
5.183
6.592
8.869
4.974
6.470
8.954
4.985
6.374
6.925
6.615
21.154
5.235
4.847
20.351
5.163
5.070
6.816
7.501
5.233
7.263
8.201
4.955
6.372
7.004
5.438
6.373
6.979
8.451
6.346
6.861
7.091
7.145
6.846
4.974
11.403
8.151
4.910
6.556
11.013
4.840
6.502
6.786
6.863
6.397
6.901
5.560
7.132
7.306
4.952
10.331
5.468
4.944
7.954
7.857
5.193
8.913
6.728
4.936
6.355
6.751
8.182
6.480
7.326
5.067
22.079
5.295
4.910
9.603
5.910
5.088
6.912
8.852
4.923
6.521
9.033
5.007
6.657
6.649
6.804
6.362
6.805
6.100
7.605
6.800
4.819
8.926
7.938
5.024
8.314
18.828
5.479
8.338
6.982
4.813
6.577
6.824
5.641
6.634
6.723
6.325
20.357
4.834
5.455
8.545
5.834
5.059
8.001
7.860
4.950
6.516
9.315
6.168
6.401
16.968
6.199
6.482
7.181
6.459
7.223
6.946
7.108
7.051
6.788
6.244
6.661
7.990
5.339
6.343
9.332
4.887
6.458
8.370
4.973
6.498
6.898
6.585
7.928
5.720
5.059
11.232
5.427
6.177
7.377
7.548
5.099
6.335
8.989
5.927
6.395
7.463
5.528
