3.844
5.347
3.446
3.076
4.054
3.730
5.090
4.991
3.334
3.969
5.427
3.647
3.208
4.047
3.983
3.052
5.718
3.590
3.298
6.649
5.247
3.080
5.262
3.750
3.195
5.284
3.508
3.207
5.267
3.161
3.210
20.835
3.542
3.194
5.776
3.549
3.203
5.261
3.316
3.065
5.312
5.739
4.767
5.823
3.002
3.068
5.300
3.381
3.327
5.620
3.482
3.207
5.161
5.414
8.149
19.113
3.071
3.181
5.222
3.616
3.269
5.516
3.201
5.076
6.902
3.084
3.319
5.446
3.131
3.211
4.155
3.796
3.039
5.533
4.608
4.581
5.251
3.449
3.094
5.917
3.455
3.066
4.300
3.934
3.403
5.298
6.247
3.134
5.266
3.586
3.090
4.124
3.779
3.059
5.277
4.123
3.105
9.119
3.205
3.143
5.209
3.567
3.158
5.600
3.410
3.169
4.474
5.578
8.471
4.948
3.714
3.014
5.199
3.296
3.297
4.842
3.665
3.199
8.774
3.984
3.138
20.234
3.638
3.082
3.845
5.236
3.350
4.289
7.735
3.505
4.196
3.880
3.408
5.405
18.811
4.503
4.598
4.704
5.224
5.764
3.056
5.082
6.551
2.975
4.705
4.590
3.314
3.498
21.689
3.463
4.533
4.886
16.767
4.226
4.244
3.264
5.795
9.117
3.041
3.762
4.098
3.574
4.646
4.566
3.247
4.590
5.856
4.406
3.598
18.998
3.465
3.473
5.259
3.505
4.499
4.688
5.784
4.772
4.135
3.605
4.554
5.004
3.271
4.646
4.773
4.689
6.789
4.384
3.057
3.473
4.190
3.735
4.425
5.988
3.810
4.527
20.191
3.094
4.502
4.378
3.270
4.695
4.568
3.285
5.319
11.027
3.399
4.706
4.442
3.315
3.464
5.164
3.225
4.656
7.961
3.162
3.872
5.048
3.310
4.480
4.705
3.317
4.481
17.660
4.450
4.483
4.474
3.583
4.678
4.310
3.303
4.628
7.613
4.397
4.666
4.322
3.337
3.531
4.461
3.557
4.536
7.263
4.349
4.624
4.341
3.085
3.677
19.495
2.963
3.535
13.938
3.147
4.540
4.769
3.011
4.671
5.050
3.297
6.194
7.078
3.007
4.644
6.008
3.579
4.526
4.736
3.797
5.434
8.281
3.023
3.432
5.394
3.333
3.570
4.251
4.813
6.937
5.394
3.012
4.730
4.007
3.206
5.156
4.562
3.281
5.764
5.578
3.107
4.632
5.049
3.259
4.691
3.847
3.486
6.212
11.334
2.958
3.369
5.394
3.233
4.521
18.017
7.358
5.114
4.803
3.207
3.328
4.299
3.689
4.550
6.923
4.258
4.513
4.681
3.311
4.561
4.078
3.250
20.855
3.981
3.020
3.621
5.423
3.484
4.656
6.906
3.028
4.520
6.357
2.949
4.905
4.295
3.335
3.726
4.117
4.868
9.735
3.967
2.986
3.671
4.095
4.835
3.665
8.022
3.539
3.578
5.170
3.260
4.640
5.840
3.442
5.808
5.690
3.023
4.630
4.708
3.347
3.614
5.279
4.747
5.110
4.929
3.060
4.746
4.750
3.026
3.470
10.157
4.634
16.564
4.928
7.905
4.778
3.204
5.176
3.663
3.167
5.422
4.796
3.416
6.158
3.316
3.193
5.145
4.026
3.257
6.026
5.907
3.125
5.396
3.394
3.487
6.082
4.461
3.119
6.166
3.449
3.070
5.149
3.891
3.097
5.982
6.187
4.117
5.711
3.527
3.066
5.268
3.803
3.969
8.684
3.354
3.426
5.123
3.750
3.385
9.102
3.798
3.145
5.179
3.695
3.137
5.367
6.806
3.559
5.346
3.524
3.260
5.443
4.481
5.479
6.905
3.208
3.153
5.276
3.355
3.215
6.214
5.734
3.105
4.498
3.591
3.128
5.379
5.113
3.499
5.276
3.497
3.089
5.100
3.761
3.373
8.029
4.644
3.092
4.106
3.904
3.017
6.280
5.006
4.024
5.366
3.420
3.123
4.995
4.848
3.548
5.287
4.551
3.072
4.094
4.837
3.436
9.610
3.544
3.848
5.189
3.521
3.176
5.074
3.714
3.093
21.658
3.259
3.236
3.941
3.798
4.976
7.353
3.513
4.267
5.217
3.559
3.093
4.179
4.196
4.364
8.138
2.953
3.185
4.048
3.865
3.264
4.227
22.434
3.218
5.132
3.708
5.655
8.128
3.539
4.136
4.220
4.100
3.374
4.350
3.842
3.108
9.003
3.566
3.129
5.412
3.454
3.138
5.614
5.425
3.758
4.559
4.202
3.205
5.319
5.097
3.264
5.568
4.099
3.120
4.250
3.891
3.160
5.309
5.440
4.150
5.546
3.374
3.161
19.224
3.665
4.471
4.634
3.381
3.374
5.124
4.288
3.196
8.864
3.469
4.434
5.634
3.177
3.291
5.259
5.404
4.001
5.292
3.571
3.316
5.154
3.628
4.463
7.977
3.389
3.219
4.389
3.925
4.364
4.354
3.892
4.054
5.299
3.643
3.314
5.019
5.245
3.089
5.865
4.158
3.309
5.145
3.591
3.200
4.978
17.042
3.934
5.180
3.462
3.322
8.713
3.402
3.955
5.244
3.334
3.607
4.279
5.510
3.454
6.055
3.877
3.032
5.390
3.703
3.151
4.513
5.451
4.121
5.252
4.103
3.234
5.068
3.652
3.110
9.817
3.418
3.089
5.187
18.935
3.162
7.840
4.587
3.234
5.350
3.338
3.235
5.670
4.280
4.888
6.884
3.753
3.138
5.745
5.533
3.466
5.358
4.761
3.232
5.212
3.771
3.167
5.451
5.191
3.905
4.592
4.858
3.044
5.248
4.104
4.813
7.275
3.315
3.398
4.330
4.005
4.302
5.772
4.725
3.158
4.629
3.814
3.407
5.409
5.181
3.125
8.193
3.552
3.311
4.285
3.903
3.322
6.704
5.147
3.125
5.287
4.160
3.209
8.361
3.684
4.035
5.250
3.326
3.297
5.483
4.438
3.691
15.253
3.796
3.107
4.103
5.218
3.065
5.347
7.902
3.985
4.252
5.126
3.091
3.907
5.270
4.227
5.706
3.363
3.532
5.209
5.896
3.282
5.111
4.849
3.046
5.878
3.451
4.563
8.345
3.359
3.860
5.916
3.458
3.133
4.612
3.803
4.349
7.044
3.884
3.110
4.414
4.022
3.103
5.566
4.950
4.121
5.407
3.574
3.338
5.413
5.076
3.192
17.541
3.588
3.148
5.318
3.658
3.228
8.814
3.615
3.135
5.327
3.669
3.160
6.156
6.236
4.153
5.114
3.621
3.262
7.766
10.381
6.813
3.260
4.750
19.950
3.094
8.092
5.283
3.116
4.708
5.392
3.426
18.413
4.980
3.296
5.030
4.673
3.191
8.218
3.660
3.882
5.288
4.141
3.056
5.589
3.707
3.208
8.891
4.658
3.947
5.272
4.377
3.107
6.117
5.847
3.245
5.183
3.819
3.236
8.178
3.605
3.969
5.069
3.634
3.344
5.362
6.557
3.082
5.558
3.771
3.307
5.790
3.481
3.145
5.199
5.591
3.841
19.442
3.098
3.123
6.485
5.536
4.351
5.077
3.456
3.308
4.307
3.897
3.111
9.521
3.505
3.180
5.710
3.469
3.248
5.156
6.086
3.690
5.413
3.774
3.263
5.022
5.872
3.151
6.239
3.659
3.119
5.170
3.595
3.291
5.525
6.453
3.253
5.305
3.557
3.272
5.958
3.317
4.991
15.903
3.884
3.130
5.156
19.548
3.248
6.046
3.784
3.174
19.305
2.927
3.192
9.324
3.540
3.352
5.279
7.407
5.027
5.229
5.020
3.240
5.222
3.715
3.079
5.419
3.916
4.086
7.703
3.487
3.174
5.076
3.734
3.102
8.084
4.700
3.087
19.009
3.191
4.281
4.746
5.579
3.225
5.126
4.286
3.261
20.946
3.693
4.285
5.448
3.658
3.099
4.295
4.130
4.819
8.167
3.447
3.186
5.107
3.728
3.099
4.076
8.566
3.592
5.046
4.291
3.198
8.449
4.039
3.854
5.476
19.590
3.127
5.073
4.859
3.570
6.240
3.313
3.297
5.386
4.929
3.607
5.116
4.967
3.125
5.508
3.566
3.218
4.672
3.822
3.981
19.739
3.281
3.214
5.276
3.501
3.289
8.489
4.513
3.126
5.086
4.183
3.179
5.915
5.255
4.224
5.067
3.895
3.128
19.777
3.083
3.894
4.435
5.032
19.187
6.230
4.967
3.195
5.459
4.131
3.095
5.235
3.681
3.364
6.076
6.124
3.138
5.309
3.527
3.262
8.621
3.554
4.737
5.554
3.715
3.290
5.417
3.860
4.461
20.765
