10.276
10.382
7.440
11.138
7.707
11.147
8.611
11.084
7.509
11.496
8.437
10.925
8.451
10.066
9.068
8.803
11.243
8.732
11.226
7.583
11.155
8.889
10.245
7.414
12.345
7.489
9.966
9.272
9.268
9.719
8.678
10.415
8.497
10.987
7.549
11.317
8.692
11.503
8.792
12.690
7.478
10.042
9.249
9.027
9.147
9.407
10.199
7.455
11.116
7.897
11.280
8.545
11.344
7.397
11.034
9.187
8.530
9.364
8.276
10.848
8.754
9.796
7.801
12.449
7.412
12.264
8.511
11.004
8.944
10.801
8.794
10.692
10.512
7.429
10.782
8.557
9.960
7.664
11.455
7.460
11.098
8.939
9.723
8.602
10.640
10.403
7.365
11.317
7.640
10.299
8.737
10.210
7.519
25.291
8.756
10.615
10.297
7.517
10.244
8.716
9.789
7.470
12.510
7.629
11.125
8.710
10.209
8.472
11.306
9.198
8.330
10.291
7.524
10.807
13.096
13.377
13.852
8.884
10.263
9.184
8.479
10.909
8.632
10.066
8.944
11.122
8.614
10.681
9.059
8.447
11.086
8.005
11.553
8.027
11.131
8.021
11.675
8.385
10.707
10.983
7.361
10.040
7.771
9.895
8.670
11.362
8.561
12.325
7.633
10.271
8.573
9.645
8.996
8.298
10.850
7.340
11.083
22.662
11.078
7.567
10.375
8.596
9.721
9.311
8.550
10.432
7.760
10.249
8.840
11.146
7.401
12.403
7.862
10.000
7.545
12.077
8.454
10.677
9.592
8.199
10.992
9.111
12.188
7.519
12.685
8.413
11.339
8.751
9.493
9.067
9.143
9.170
7.515
11.517
7.287
11.434
8.970
11.223
7.724
10.225
8.503
9.686
9.117
8.330
10.509
7.708
11.240
7.630
10.740
8.751
11.406
7.804
10.816
8.646
10.838
10.447
7.512
10.452
7.481
11.341
7.865
10.168
7.860
11.525
8.555
12.116
9.152
8.846
10.345
8.339
10.321
8.894
11.171
8.693
12.307
7.974
10.220
7.575
11.597
8.902
8.539
10.172
7.599
10.212
8.776
11.252
8.482
11.861
8.597
11.397
8.810
11.006
9.483
8.724
10.326
7.706
11.199
7.342
10.664
7.930
11.026
7.875
10.284
8.408
9.981
9.385
8.325
10.335
7.736
9.867
7.547
12.686
7.602
10.332
7.776
10.063
8.583
23.470
10.349
8.671
11.304
7.257
11.196
8.873
10.177
7.408
11.776
8.467
10.814
10.949
7.374
9.561
8.006
10.110
7.528
11.549
7.537
11.245
7.891
10.906
8.648
9.687
11.192
7.516
10.659
7.370
17.229
14.275
30.145
8.787
9.826
9.432
9.778
10.065
8.667
13.499
10.338
8.162
13.162
7.490
12.382
10.468
8.240
10.825
8.034
12.299
8.601
11.088
10.541
7.531
11.468
7.338
10.197
9.375
8.362
9.692
7.872
11.180
7.585
11.189
9.245
10.441
11.380
8.539
12.207
7.821
10.904
9.444
8.757
11.085
7.540
11.374
8.389
9.623
10.919
7.441
11.249
9.079
9.987
11.343
7.805
11.218
8.613
12.804
7.298
11.249
11.599
7.524
11.398
7.867
11.785
9.689
8.248
11.184
7.553
12.586
9.156
8.466
11.386
7.615
11.283
8.045
10.990
9.652
7.836
12.276
7.592
11.591
10.198
8.223
11.094
8.507
10.194
7.726
10.959
9.395
8.099
12.267
8.823
11.957
10.289
7.587
11.530
7.483
11.775
8.937
9.682
11.412
8.102
12.293
8.762
10.903
10.400
7.897
12.567
8.572
10.121
8.936
9.581
11.069
7.896
11.090
8.310
11.685
9.088
8.783
11.341
8.463
12.478
7.863
9.946
12.363
7.971
10.215
7.798
10.158
9.039
10.456
12.766
7.409
12.316
7.805
11.214
9.874
8.869
11.214
8.702
11.447
9.150
8.514
11.424
7.475
11.362
9.436
9.127
10.549
7.997
11.471
8.646
11.711
9.063
8.823
11.043
7.550
12.398
9.754
9.497
10.995
7.947
11.356
8.841
10.852
10.665
8.755
12.597
8.630
11.244
9.415
8.314
25.312
11.871
9.207
9.425
10.894
8.185
10.119
8.815
10.769
10.540
7.619
12.513
8.776
8.929
11.332
7.411
11.308
9.251
9.370
12.774
9.191
10.088
8.755
11.372
10.192
7.946
12.362
7.246
10.895
11.414
7.313
12.450
7.906
10.019
10.286
8.963
9.938
8.603
11.820
9.159
9.549
12.365
7.347
11.213
9.180
10.344
9.707
7.945
10.256
7.600
12.362
9.298
8.347
11.264
8.632
11.283
8.900
10.128
10.301
7.879
12.319
7.475
11.459
10.307
8.302
11.158
7.671
10.285
7.678
10.166
9.643
8.899
12.252
7.584
11.799
10.217
7.845
11.416
7.426
11.413
10.321
8.008
11.581
7.765
11.117
8.910
10.827
10.169
8.247
11.329
7.746
11.389
11.041
7.365
12.413
7.663
10.134
10.406
7.833
9.979
7.634
11.413
10.377
7.614
12.434
7.380
11.302
10.595
7.565
11.327
7.774
12.366
9.237
9.016
9.514
8.657
12.785
9.140
10.445
27.494
7.671
11.372
10.426
8.664
10.342
8.053
11.200
7.863
12.154
10.277
7.474
12.524
7.433
11.410
10.643
9.597
9.719
9.003
11.053
8.619
10.810
11.021
7.673
11.276
7.787
11.330
10.504
7.724
11.129
7.790
10.120
9.096
10.501
24.966
8.721
11.636
9.281
9.402
12.383
7.598
11.308
10.357
8.230
10.754
9.134
10.054
7.544
11.842
10.262
7.576
11.440
8.579
10.753
12.352
7.547
12.206
20.864
8.267
12.370
8.847
11.076
8.661
11.363
10.166
8.971
11.325
8.617
10.916
11.037
8.575
11.440
8.974
10.316
10.495
7.725
10.184
8.851
12.404
9.441
10.591
12.389
7.452
12.440
10.513
8.374
12.212
7.905
12.318
9.009
9.429
9.828
8.871
12.475
8.669
11.119
11.293
7.530
12.721
10.398
9.476
9.832
7.829
10.178
8.981
11.329
10.204
8.884
14.849
8.550
11.165
10.303
8.162
10.528
8.824
11.157
8.861
10.784
9.949
8.749
12.355
8.631
10.695
10.627
8.558
11.453
7.819
11.033
10.340
8.906
11.154
7.829
11.425
10.433
7.913
10.099
8.586
11.559
9.424
9.602
11.437
7.902
11.210
8.902
10.041
9.319
8.061
11.738
7.514
11.373
11.066
7.525
12.453
7.878
9.715
11.563
7.880
11.180
7.769
11.652
10.163
8.799
12.719
7.407
11.037
10.134
7.488
12.486
9.122
10.549
13.060
7.739
11.202
7.654
12.323
9.336
7.810
11.340
7.512
11.213
11.313
7.647
11.349
9.267
9.412
10.490
8.043
11.016
8.904
11.473
10.486
22.721
11.671
9.095
9.691
11.343
7.702
12.496
10.649
9.727
9.929
8.073
12.196
9.510
10.079
11.574
7.812
12.745
9.245
11.544
11.621
7.705
11.455
7.745
10.148
10.554
7.863
10.371
7.746
10.400
9.873
7.764
12.579
7.620
11.997
12.547
7.561
11.451
8.999
20.513
10.869
8.126
12.279
8.655
24.644
24.243
12.492
10.624
8.597
10.035
8.647
11.438
8.644
10.526
11.113
7.828
12.307
9.048
9.488
12.203
7.973
12.206
8.764
11.608
8.930
10.700
27.679
7.906
12.254
9.256
8.919
10.203
8.970
11.083
7.734
12.375
7.656
11.364
8.903
10.496
10.193
8.965
10.017
7.622
12.366
7.471
11.772
9.505
8.530
11.131
8.926
11.144
7.652
11.452
7.385
10.152
10.571
8.486
12.514
7.852
11.414
8.728
10.448
17.030
8.842
10.406
7.607
12.342
9.063
11.068
7.707
11.406
9.127
9.397
11.127
7.469
11.473
8.978
11.212
7.687
12.492
10.244
8.807
12.543
7.507
10.328
9.069
11.639
9.109
23.276
9.608
8.057
12.401
7.589
12.318
9.130
9.275
22.302
7.742
11.254
7.763
11.429
21.272
8.361
12.514
7.691
11.064
9.266
11.223
7.565
11.461
9.198
10.532
9.992
8.691
12.389
9.071
10.977
9.064
10.427
10.287
7.691
12.341
7.418
10.442
8.066
10.039
9.351
8.431
10.376
7.789
11.283
7.637
12.481
8.039
10.348
10.758
7.943
9.915
8.073
12.438
7.556
10.445
9.201
10.303
11.266
8.047
10.098
7.813
12.397
8.593
11.174
10.318
8.344
11.048
7.859
10.315
7.750
11.295
8.532
10.136
10.456
7.546
12.262
7.858
10.166
7.768
13.219
9.043
8.768
10.823
7.585
