17.001
13.423
25.189
14.883
12.894
13.070
14.714
15.071
15.174
14.407
13.454
13.453
16.211
14.352
13.560
16.647
13.163
11.595
17.587
14.448
12.820
15.854
13.740
14.949
14.670
14.494
14.419
15.603
14.226
13.751
16.492
14.388
13.161
16.598
13.157
13.577
15.596
27.132
15.221
14.495
13.457
15.522
15.024
14.821
15.359
13.781
13.095
17.471
13.079
14.735
14.812
14.890
13.336
15.351
13.156
13.362
15.392
13.140
13.614
15.529
13.467
13.337
16.459
13.261
13.653
13.682
13.073
26.299
15.290
14.499
14.652
16.438
13.122
13.268
18.663
13.317
14.994
14.596
13.119
13.296
16.326
13.527
13.416
16.976
13.297
13.477
18.530
16.519
14.298
16.390
12.977
13.767
16.401
13.529
14.507
16.578
13.336
13.603
15.666
16.957
14.017
18.248
14.289
15.623
14.160
15.153
16.538
14.111
15.137
17.248
13.523
14.095
17.282
15.207
14.900
19.549
14.421
15.267
16.661
13.963
13.330
19.299
13.613
13.893
16.507
21.201
14.054
18.526
15.078
14.101
16.501
13.515
14.161
16.845
13.786
15.069
17.208
13.765
14.161
16.985
13.743
15.462
17.862
13.345
13.456
15.849
13.981
13.718
18.674
14.927
14.952
16.056
14.110
13.695
18.699
13.536
15.653
14.899
13.480
14.032
16.203
13.660
15.954
18.032
14.045
13.779
16.077
13.555
15.236
16.531
14.875
13.535
15.952
14.172
16.410
15.871
13.560
14.731
19.650
20.104
18.970
15.008
16.420
14.460
14.931
17.380
14.913
15.248
15.804
14.088
14.647
18.034
14.005
13.905
16.491
16.282
16.126
17.562
15.110
14.143
16.449
15.169
13.655
16.489
13.655
15.325
16.914
13.720
14.807
16.879
14.928
13.692
18.009
13.999
14.858
17.742
13.885
13.707
19.534
13.658
13.395
16.586
15.026
13.694
18.964
13.499
15.646
15.897
14.921
13.319
15.473
13.846
13.988
17.201
13.595
14.018
17.841
14.603
13.470
15.493
13.881
13.791
17.038
13.466
14.365
17.292
14.706
14.692
15.422
13.376
15.219
15.478
14.712
13.677
17.189
14.002
14.230
14.064
14.441
13.911
17.136
13.473
13.639
16.754
14.951
15.091
17.131
13.167
14.928
15.646
15.096
14.559
17.367
15.298
15.262
15.337
14.223
13.640
16.971
14.569
13.828
16.480
15.454
14.226
15.817
13.197
15.063
15.891
13.652
13.621
18.398
14.860
14.040
16.391
15.249
13.625
16.738
13.429
14.021
17.350
13.743
15.968
15.828
13.361
13.973
17.435
13.757
14.194
17.152
15.191
14.590
15.746
13.175
14.421
15.777
15.195
13.581
16.370
13.640
15.882
15.669
13.275
14.941
15.588
13.515
15.213
18.299
15.052
14.949
15.926
13.459
14.011
16.948
16.520
14.810
17.324
14.825
14.571
28.476
14.052
13.965
17.694
13.428
14.119
17.662
14.725
13.249
17.293
13.731
13.950
16.161
14.056
14.735
18.079
13.069
15.645
16.585
14.078
13.563
17.647
14.655
14.995
15.468
14.759
15.290
16.349
13.518
14.189
16.153
14.251
14.981
18.203
13.118
14.218
15.435
15.167
13.815
18.686
14.304
15.063
15.610
15.131
13.823
17.263
13.602
14.145
17.962
13.958
15.251
19.093
13.790
14.235
19.513
16.373
14.790
29.479
13.161
13.703
17.002
13.721
14.268
19.153
15.049
15.006
17.470
13.258
14.983
16.114
15.059
14.005
18.957
14.400
16.154
24.277
21.230
13.203
15.459
15.789
15.182
14.082
16.710
16.298
13.846
18.421
14.668
14.937
17.005
14.138
13.819
16.999
15.346
13.742
16.436
13.878
14.547
15.591
14.045
14.697
16.872
13.633
13.972
18.900
13.406
15.588
17.176
14.152
13.901
16.138
13.830
15.260
18.689
14.547
14.087
15.771
13.923
14.998
18.933
14.870
14.720
15.448
15.147
13.622
18.452
13.908
13.822
17.605
13.629
13.234
16.086
13.570
14.126
17.280
14.855
15.891
16.183
13.108
15.182
16.927
13.689
13.601
17.338
14.959
14.691
15.571
16.325
13.936
17.668
13.970
14.907
15.602
15.183
13.285
16.916
13.589
13.754
17.899
14.711
15.700
15.976
13.374
14.210
16.816
15.156
13.403
18.529
14.113
13.784
16.336
15.253
16.833
16.215
13.695
15.401
15.876
13.360
15.055
16.421
13.860
13.612
19.028
15.130
14.127
17.099
13.782
14.457
16.039
13.598
13.886
16.182
15.749
13.986
16.752
15.283
13.996
17.568
14.052
14.945
15.990
13.678
13.670
15.864
13.655
14.009
19.628
13.780
15.181
15.867
13.976
14.109
15.954
13.783
13.871
32.776
13.197
14.752
16.135
13.666
15.486
18.328
15.332
13.842
16.561
14.102
13.993
16.543
13.905
14.756
17.387
14.727
13.395
18.074
13.873
13.813
16.473
16.259
13.907
17.159
13.608
16.468
16.824
15.046
13.620
18.003
14.700
14.577
15.608
16.054
13.823
18.547
13.817
15.479
15.212
14.358
15.253
16.178
13.808
14.842
16.500
15.235
14.039
15.489
13.858
14.101
16.072
13.698
16.256
17.793
13.315
14.476
17.047
13.819
13.775
17.585
15.037
13.416
16.663
15.167
14.021
16.239
15.258
14.619
17.248
14.622
13.774
16.055
15.028
14.006
19.756
13.624
13.865
17.420
16.395
13.667
17.778
14.012
14.613
16.517
15.072
13.804
17.577
13.745
16.551
15.810
14.902
13.770
17.462
14.703
20.297
23.201
18.316
16.269
14.373
17.255
13.808
14.153
19.183
13.685
14.102
19.179
13.494
15.009
17.310
15.189
14.913
15.357
14.227
14.730
16.356
13.453
14.675
16.677
14.840
13.787
18.359
13.645
15.268
17.351
14.047
14.350
26.819
15.042
13.366
17.562
14.793
15.979
16.486
15.272
14.737
17.389
16.733
13.167
15.398
14.124
13.575
17.462
14.629
15.523
15.420
14.001
14.194
17.384
13.921
15.123
17.735
13.803
13.208
17.675
13.731
14.076
17.405
14.860
14.309
16.515
13.808
15.253
17.369
15.231
15.932
16.835
14.039
14.355
16.344
15.254
15.380
16.958
14.423
13.684
16.363
13.546
14.885
17.871
29.209
15.816
15.822
14.873
13.602
18.410
13.361
14.994
15.890
13.752
13.898
19.052
15.582
13.813
16.578
13.959
13.593
18.576
14.971
14.872
15.318
15.223
13.561
17.529
14.768
14.709
15.415
15.127
13.593
17.402
14.313
14.144
15.444
14.026
13.877
23.653
30.970
21.086
15.151
13.608
13.771
15.650
11.311
14.432
15.671
13.331
14.552
12.530
15.403
14.261
14.733
13.077
11.534
15.811
13.152
14.386
14.539
11.197
14.686
16.057
14.376
11.722
17.132
13.271
14.404
13.021
13.363
14.679
14.242
11.314
14.575
15.976
14.021
13.528
13.355
14.377
15.356
12.791
13.376
16.367
14.504
11.149
16.229
13.162
11.460
15.575
11.256
13.715
12.293
13.496
11.074
11.372
17.189
11.254
14.254
14.154
12.476
14.471
12.184
14.283
12.974
11.932
13.496
12.534
14.015
12.643
12.588
15.535
11.320
14.436
14.927
12.438
13.310
12.638
11.218
14.479
12.983
13.121
13.188
12.090
14.968
16.490
13.349
11.441
11.382
28.861
12.363
14.352
15.763
12.246
17.295
12.878
14.379
12.311
11.929
14.321
12.327
14.265
11.063
12.487
15.784
12.304
13.360
12.230
12.237
11.518
26.948
14.286
11.333
14.046
12.362
12.335
15.467
12.203
14.246
12.074
12.530
15.313
11.994
13.813
12.514
15.532
11.115
12.220
14.445
12.326
13.245
13.156
14.214
12.361
13.606
11.511
12.452
15.869
11.149
14.239
11.940
15.652
12.499
13.014
12.164
12.651
15.762
10.994
16.395
11.995
15.102
12.229
17.250
12.215
12.356
13.616
12.231
12.589
12.076
13.095
12.473
14.429
12.494
16.762
13.615
13.128
12.221
14.438
12.269
14.598
12.876
14.412
12.393
16.741
11.305
13.212
12.252
26.246
11.347
14.727
11.531
14.338
13.975
17.237
12.248
15.753
10.993
14.497
12.839
14.356
11.678
14.912
12.227
15.900
15.116
11.865
14.483
13.003
13.131
11.322
17.165
11.300
13.223
14.104
11.295
15.274
12.884
13.128
12.388
16.094
11.149
12.756
13.800
11.709
16.714
11.462
15.890
11.951
15.008
13.327
13.374
13.308
12.326
15.107
13.185
11.181
17.891
12.288
11.716
15.510
11.124
13.283
20.383
