3.998
7.566
3.766
3.763
4.105
3.698
5.115
6.319
3.601
3.864
4.080
6.121
6.307
19.073
3.869
3.747
7.063
3.897
3.722
3.949
3.720
6.147
4.792
4.819
3.754
5.113
6.170
4.666
4.041
3.607
3.998
6.228
4.945
3.808
5.165
3.671
5.939
5.417
4.813
3.821
4.054
5.194
5.131
4.083
3.605
3.782
5.155
5.220
3.815
5.122
3.725
5.113
6.613
3.689
3.994
4.086
5.034
5.241
3.971
3.659
3.825
4.263
6.863
3.932
4.130
3.689
3.638
9.509
4.801
3.778
4.064
3.708
7.075
5.360
3.745
3.896
4.100
7.157
3.873
4.120
3.741
4.957
4.602
4.414
3.846
4.073
3.585
6.259
6.120
3.720
3.835
4.082
6.140
4.819
4.290
3.649
3.762
7.157
4.518
3.851
5.168
3.706
6.272
4.907
3.615
3.861
4.071
5.428
5.115
4.219
3.749
3.804
5.304
5.208
4.290
3.917
18.995
7.173
4.187
3.610
3.698
4.162
5.393
4.752
4.262
3.605
3.703
6.386
4.546
3.763
3.967
3.954
6.171
5.294
3.612
3.790
4.303
4.768
5.261
5.191
3.738
3.727
5.183
5.350
3.924
4.092
3.651
6.528
5.413
3.690
4.883
4.124
6.150
6.357
5.370
3.803
3.996
6.495
5.152
4.877
4.092
3.558
5.002
7.110
3.758
3.886
4.200
5.094
5.069
4.184
3.745
3.968
5.514
5.165
3.691
5.384
3.591
6.322
5.472
3.892
3.729
4.303
5.122
5.630
4.274
3.840
3.712
5.354
5.352
4.954
4.415
3.602
4.887
6.948
4.907
3.819
5.293
5.287
6.392
4.178
3.640
3.816
5.344
5.601
3.830
4.322
3.855
19.528
5.232
3.554
3.734
4.468
4.839
5.328
4.138
3.692
3.834
5.198
5.315
3.917
4.379
3.699
6.433
5.249
3.823
3.784
5.304
5.070
5.118
4.217
4.957
3.755
5.428
5.619
4.100
3.994
3.686
3.930
7.651
3.897
3.812
4.148
3.717
6.795
4.335
3.870
3.992
4.153
6.948
3.803
4.335
3.614
3.913
7.665
3.773
3.895
6.068
3.685
5.128
5.082
3.679
3.804
4.297
6.134
4.458
4.463
3.737
4.978
7.763
4.109
3.871
4.167
3.698
6.096
4.193
3.708
3.930
4.127
5.101
4.906
4.271
3.760
3.760
6.536
4.445
3.978
4.415
3.633
6.273
5.375
3.725
3.873
4.288
6.188
5.673
4.357
3.614
3.876
6.515
4.754
3.818
4.074
3.899
5.156
5.479
3.629
3.863
4.201
6.229
4.906
4.207
3.841
3.852
6.751
4.429
4.006
4.251
3.790
6.337
5.259
3.734
19.032
4.424
6.523
4.952
4.306
3.569
3.905
6.506
3.771
3.978
5.371
3.658
6.095
4.237
3.759
3.956
5.362
5.462
3.770
4.379
3.757
3.790
7.466
4.119
3.793
4.146
3.762
7.005
5.205
4.851
3.902
4.216
4.960
4.571
4.408
3.734
4.107
7.872
5.621
3.804
4.141
3.771
6.930
4.317
3.785
3.827
3.913
6.304
5.928
3.981
3.794
3.825
7.588
3.690
3.844
4.470
3.596
5.937
5.129
3.594
3.893
5.163
7.318
3.855
4.170
3.640
3.965
7.000
3.966
3.814
4.312
3.759
7.144
4.292
6.827
7.146
9.112
5.644
19.022
4.569
5.389
3.558
20.412
20.681
3.775
3.827
4.008
6.295
4.872
5.455
3.747
3.671
7.373
3.578
4.979
4.183
3.770
22.071
5.283
3.757
3.686
6.457
4.549
3.871
4.256
3.600
5.808
4.967
3.807
3.862
4.036
5.780
23.610
20.407
3.881
6.743
4.427
3.861
3.848
5.129
5.301
4.934
5.081
3.645
5.007
5.564
3.667
3.872
3.963
4.995
5.233
4.362
3.631
3.861
7.314
5.004
3.731
5.324
3.651
6.228
5.363
4.872
3.883
4.181
5.251
4.746
4.166
3.650
3.991
5.311
5.252
3.665
4.209
3.689
3.765
7.850
3.807
3.799
4.203
5.158
5.105
18.389
3.851
3.784
7.292
3.747
3.874
5.240
4.923
5.167
4.196
3.700
3.936
4.047
7.212
3.795
4.245
3.646
3.929
6.419
4.545
3.685
4.205
3.671
6.756
5.092
3.564
3.986
4.156
5.914
3.939
4.395
3.707
5.075
9.215
3.806
3.865
4.386
4.832
5.490
5.284
3.837
3.979
5.306
5.219
3.891
4.274
4.062
5.454
5.783
3.678
3.729
5.411
3.652
6.508
5.184
3.858
3.716
5.384
5.290
5.187
4.099
3.706
5.583
5.169
3.891
3.663
4.336
4.848
5.547
4.209
4.955
3.894
6.285
5.045
4.892
4.224
3.680
5.064
6.511
3.734
3.826
4.402
5.417
5.252
4.273
3.792
3.796
6.811
4.510
3.958
4.056
3.890
6.257
6.401
3.653
3.836
4.164
5.634
4.721
4.306
3.806
3.644
20.649
3.739
3.925
4.249
3.736
6.570
4.286
3.920
4.890
6.820
4.982
3.795
5.274
3.655
6.185
5.235
3.804
3.739
4.255
6.205
4.727
4.134
3.673
3.755
6.368
4.710
4.058
5.179
3.618
6.628
6.048
3.721
3.928
4.206
6.862
4.016
3.961
3.714
3.696
7.212
3.856
3.659
4.301
3.626
6.562
6.017
3.852
3.703
4.032
5.574
4.552
4.240
3.565
4.127
7.226
3.626
3.901
3.948
3.705
6.795
4.085
3.753
3.853
4.234
6.704
4.014
5.233
3.649
4.917
5.625
3.623
3.904
4.377
6.382
5.152
4.373
3.599
3.845
4.203
7.040
3.906
4.252
3.728
4.910
5.616
3.715
3.975
4.059
4.883
5.292
5.280
3.588
4.989
6.484
5.190
3.699
4.294
3.601
6.358
6.744
4.959
3.664
4.046
5.243
5.867
4.240
3.602
3.827
7.292
3.647
3.834
17.974
4.983
5.544
5.496
3.741
3.758
5.487
5.303
3.858
5.242
16.924
6.167
5.990
3.759
3.835
5.390
5.334
4.006
4.087
3.697
3.882
7.113
3.826
3.820
5.295
3.694
6.807
5.246
3.754
3.898
6.382
5.061
4.174
3.976
3.788
4.963
5.457
3.650
3.760
5.265
6.150
4.891
5.534
3.698
3.703
6.729
4.450
3.993
4.288
3.715
6.944
7.086
3.613
4.028
6.371
5.206
3.848
5.297
3.700
3.838
7.464
4.920
4.442
5.205
5.048
11.671
4.000
4.001
5.537
5.166
4.992
3.852
3.717
6.248
6.161
3.783
3.970
4.165
7.615
4.262
3.656
3.978
4.206
6.797
3.991
5.145
3.656
4.880
5.535
3.861
3.734
4.363
6.712
5.472
5.136
3.835
3.825
6.512
4.674
3.791
4.447
3.670
6.671
7.848
3.759
3.839
4.365
5.933
4.115
5.213
3.780
4.931
6.889
3.804
3.793
4.330
5.183
6.946
5.385
3.666
3.666
6.491
4.721
3.744
5.343
3.694
6.202
5.282
3.787
3.999
5.256
4.667
4.478
5.312
3.565
3.928
7.475
3.779
3.807
5.323
3.719
6.192
4.019
3.871
4.001
20.376
3.859
3.909
4.202
3.622
7.106
5.250
3.627
4.000
5.474
5.226
3.979
4.329
4.813
6.321
7.252
3.743
3.996
5.271
6.864
5.021
4.098
3.842
3.948
6.640
4.633
3.766
5.377
3.701
6.827
5.392
3.888
4.046
5.685
5.326
5.082
5.249
3.889
5.016
7.077
3.722
3.961
4.239
4.989
20.762
4.110
3.669
4.030
8.631
3.756
3.707
4.313
6.270
5.019
6.849
3.575
3.784
6.736
4.788
3.904
5.737
3.873
6.983
4.742
3.833
3.898
6.108
5.441
3.862
4.371
3.839
5.024
7.017
3.732
3.838
4.371
5.643
7.065
5.155
3.966
4.041
7.577
4.008
3.947
4.108
5.153
6.767
3.804
3.790
3.961
3.883
7.052
3.933
3.957
3.976
4.970
7.174
3.807
4.171
4.023
6.290
4.828
3.998
3.759
8.327
3.815
4.939
3.948
6.021
3.804
4.100
4.294
6.297
5.032
4.022
3.866
4.975
7.093
3.838
5.125
3.916
3.744
6.656
4.664
3.869
3.895
5.127
5.520
3.984
19.608
3.790
6.217
5.018
4.949
3.992
5.317
6.431
6.639
4.233
3.864
5.821
4.995
3.914
4.004
4.226
5.566
4.826
4.175
3.786
3.950
6.283
3.996
3.897
4.174
3.842
7.029
4.058
3.769
3.971
3.989
