2.012
2.161
1.895
2.030
1.891
3.318
2.059
2.030
2.100
1.889
2.090
3.344
1.973
2.244
2.095
1.912
2.111
3.318
2.048
1.929
1.907
1.906
1.994
3.713
2.095
1.979
1.874
2.091
1.960
3.800
2.177
2.238
1.981
1.903
2.004
3.927
2.086
1.904
1.952
1.810
1.957
1.857
1.955
1.929
1.939
1.955
1.944
1.894
3.220
1.918
1.986
1.884
1.925
1.877
2.966
2.046
1.990
1.975
1.957
1.845
3.030
1.937
1.923
1.917
1.983
1.952
2.956
1.923
1.934
1.850
1.918
2.038
3.427
2.010
2.100
1.836
1.972
2.227
3.351
2.126
1.971
1.860
2.118
2.018
3.345
2.234
1.869
3.317
2.254
2.004
2.985
2.097
1.986
1.981
1.959
1.930
2.967
1.965
1.896
1.852
2.078
1.864
3.327
2.143
2.096
1.953
2.136
2.287
3.114
2.020
1.915
2.111
1.910
1.849
2.971
1.922
1.860
2.021
1.935
1.891
2.972
1.921
1.911
1.964
1.913
1.852
3.057
1.995
1.944
1.883
1.992
1.974
3.012
2.118
2.006
1.901
2.047
2.083
2.965
1.941
1.884
2.034
1.969
1.917
3.328
2.066
1.951
1.842
2.007
2.063
3.382
2.023
1.992
1.960
1.897
1.949
3.372
2.061
2.177
1.947
2.055
1.904
3.317
2.043
2.043
1.938
2.157
1.982
2.877
2.047
2.014
1.956
1.968
1.943
2.942
2.018
2.175
2.001
1.954
1.907
3.440
2.183
1.893
2.226
2.060
1.870
2.982
2.002
1.970
2.138
1.915
1.859
3.000
1.965
1.866
1.916
1.919
1.895
3.323
2.278
2.045
1.980
1.988
1.863
3.207
1.950
1.881
1.901
2.011
2.025
3.349
2.139
2.242
1.867
1.996
2.029
3.222
1.960
1.993
1.920
1.941
2.024
3.050
1.931
2.029
1.904
1.949
2.016
2.967
1.971
1.912
1.955
2.059
2.099
3.215
2.305
2.179
1.852
2.089
1.975
3.009
2.275
1.852
1.922
1.995
1.924
3.088
1.975
1.878
1.831
1.971
1.943
3.127
2.016
1.936
1.887
1.917
1.980
3.167
2.170
2.032
1.973
1.908
1.861
3.188
2.054
2.067
1.967
1.950
3.839
2.114
1.944
1.946
1.882
2.031
1.868
1.927
2.102
1.864
1.978
2.024
1.997
2.924
1.910
1.928
2.075
1.916
1.980
2.844
1.929
1.876
1.858
2.043
1.976
2.036
2.000
1.886
2.035
2.020
2.016
1.970
1.982
1.878
1.922
1.869
1.861
3.149
2.063
1.870
1.965
1.939
1.927
3.270
1.911
1.900
1.927
2.026
1.901
3.591
2.118
2.173
1.878
1.939
3.792
2.031
2.098
1.836
1.882
1.889
3.662
2.065
1.947
1.961
1.918
2.030
3.646
2.152
2.081
1.968
2.084
2.171
3.371
2.050
1.976
1.947
1.905
1.938
3.366
2.141
1.928
2.019
1.954
2.137
3.330
2.106
2.039
2.041
2.189
2.005
3.302
1.958
2.414
2.021
1.955
2.335
3.303
2.110
3.371
2.220
1.912
2.400
3.294
2.172
3.353
2.052
1.835
2.374
3.340
2.046
3.398
2.115
1.929
2.393
2.918
2.200
3.459
2.094
1.860
2.351
2.870
2.074
2.392
2.006
1.962
3.988
2.186
2.186
2.329
1.870
1.912
3.369
2.144
1.985
2.280
1.898
1.879
3.409
2.056
1.976
2.334
1.966
2.084
3.353
2.104
1.859
2.398
1.903
1.943
3.776
1.935
1.924
2.290
1.945
1.992
3.518
2.002
1.906
2.270
1.917
1.941
3.457
2.167
1.901
2.266
1.958
1.922
3.422
1.927
1.930
2.377
1.844
2.340
3.536
2.000
1.866
2.304
1.817
1.954
3.377
1.889
1.967
2.306
1.916
1.971
3.491
1.824
1.926
2.399
2.068
1.962
3.471
1.963
1.932
2.281
2.098
1.938
4.449
2.017
1.984
3.373
1.938
2.030
2.334
1.981
1.980
2.527
1.878
1.974
2.349
2.089
1.994
2.492
2.004
3.724
3.420
2.031
2.226
2.342
1.904
3.456
3.416
2.031
2.062
2.266
1.975
3.360
3.396
2.196
2.022
2.315
1.921
3.352
3.370
2.070
1.938
3.471
2.073
1.896
2.351
1.805
1.882
2.421
1.966
1.919
2.368
1.894
1.871
2.427
3.723
2.258
3.413
2.012
2.189
2.314
3.356
2.030
3.542
2.030
1.956
2.317
3.312
1.989
2.316
1.933
2.051
2.298
3.315
2.109
2.380
2.017
1.993
2.478
3.115
1.950
2.397
1.949
2.008
2.439
2.873
1.966
2.365
1.815
1.839
2.238
2.945
1.972
2.455
1.981
2.023
4.233
1.970
1.992
2.365
1.905
1.907
3.561
1.900
2.063
2.311
1.985
1.886
3.547
2.089
1.906
2.348
2.204
2.253
3.416
2.137
1.880
2.412
4.690
2.096
1.917
2.025
1.896
3.308
2.363
2.044
2.004
2.029
2.013
3.391
2.108
1.884
1.926
2.093
1.878
3.355
2.120
1.858
1.879
2.032
1.873
3.334
2.138
1.869
1.939
1.980
2.124
3.384
2.118
1.929
1.967
2.004
1.900
3.459
2.079
1.924
1.923
1.971
1.941
3.490
2.078
1.929
1.953
2.190
2.032
3.456
2.065
2.022
1.962
2.068
1.899
3.341
2.224
2.016
1.950
1.936
1.933
3.323
2.048
1.920
1.861
1.930
2.259
3.429
2.202
1.957
2.006
1.981
1.891
2.968
2.051
1.872
1.919
1.954
1.964
2.958
2.069
1.929
1.916
1.893
1.875
3.077
1.944
1.863
2.063
2.028
1.904
3.026
2.026
1.960
1.975
1.931
1.913
2.177
1.936
1.963
1.931
2.119
3.751
2.203
1.938
2.003
1.923
2.014
3.501
2.094
1.953
1.961
1.855
1.995
3.433
2.176
1.867
1.915
2.072
1.920
3.336
2.080
2.293
1.995
2.060
1.945
3.336
2.096
1.951
1.957
1.985
1.926
3.338
2.050
1.948
1.919
1.964
1.942
3.507
2.053
1.975
1.890
1.886
1.971
3.351
2.316
2.160
2.070
2.061
2.004
3.118
1.901
1.972
1.888
1.834
3.515
2.044
1.881
2.047
1.889
2.045
3.632
2.159
1.949
1.980
1.895
1.885
3.442
2.203
1.977
2.154
2.049
2.016
3.448
2.077
1.956
1.933
1.922
2.003
3.358
2.017
1.923
1.983
1.880
1.924
3.525
2.082
1.915
1.991
2.001
1.865
3.505
2.106
1.955
1.967
1.902
1.830
3.374
2.004
1.925
1.925
1.941
1.844
3.388
2.103
1.981
1.974
1.937
1.937
3.369
3.777
2.119
1.963
1.938
1.928
3.491
2.212
1.971
1.961
1.869
1.908
3.038
2.001
1.931
2.038
2.147
3.800
2.192
1.936
1.982
2.053
2.089
3.309
2.134
1.892
2.061
1.936
1.975
3.370
2.218
2.053
2.026
2.117
2.045
3.371
2.123
1.924
1.917
2.004
1.984
3.380
2.045
2.038
1.854
1.945
1.904
3.429
2.170
1.865
1.915
2.039
1.902
3.385
2.058
2.029
2.088
2.070
1.899
3.358
2.119
1.872
1.913
2.044
1.936
3.105
2.069
2.043
1.977
1.956
1.867
2.931
2.004
1.989
2.024
1.931
3.634
2.121
2.035
2.067
2.108
1.961
3.350
2.089
1.922
1.920
1.924
1.968
3.525
2.060
2.054
1.879
1.917
1.945
3.384
2.188
2.113
2.022
1.970
1.947
3.352
2.183
2.141
2.071
2.013
1.977
3.447
2.077
2.146
2.065
1.950
1.939
3.005
1.861
1.882
1.860
5.404
2.063
1.826
1.934
1.976
1.927
3.350
1.919
1.871
1.892
1.927
3.611
1.959
1.971
1.882
1.888
1.893
3.401
1.959
1.978
2.044
1.816
1.895
3.450
1.999
1.935
1.833
1.830
4.079
2.135
1.922
1.928
1.832
1.894
3.058
1.839
1.846
1.909
1.965
3.320
2.109
1.874
1.955
2.046
3.358
2.072
1.841
1.881
2.024
3.472
2.125
1.835
2.246
1.946
4.183
2.058
1.860
1.956
1.896
3.599
2.014
1.885
1.862
1.932
3.363
2.150
1.798
1.978
1.857
3.444
2.060
1.938
1.821
2.060
3.366
2.110
1.976
1.924
3.916
2.082
1.871
1.878
1.961
3.419
2.017
1.910
1.857
1.813
3.057
1.931
2.020
1.893
3.319
1.947
2.090
1.872
