1.537
1.494
2.108
2.344
1.382
1.949
1.485
1.483
2.007
1.532
1.396
2.035
1.541
1.409
3.794
1.322
1.488
2.255
1.472
1.466
2.129
1.543
1.491
2.194
1.533
2.327
2.527
2.547
1.467
1.427
1.913
1.505
3.494
1.957
1.489
1.456
2.548
1.495
1.534
2.110
1.539
1.450
1.954
2.450
1.433
2.046
1.485
1.405
2.071
1.492
1.559
1.949
1.522
1.406
3.141
1.441
1.527
2.045
1.507
1.453
1.943
1.434
1.384
1.959
1.452
2.491
1.938
1.600
1.429
1.977
1.549
1.386
2.114
1.516
1.530
1.938
2.405
1.428
1.907
1.466
1.452
1.972
1.571
1.537
2.068
1.472
1.560
3.723
1.368
1.504
1.879
1.449
1.561
1.942
1.561
1.609
2.061
1.507
2.271
1.974
1.490
1.654
1.914
1.468
1.489
1.955
1.493
1.395
2.020
2.320
1.412
2.309
1.768
1.379
1.927
1.463
1.489
1.954
1.749
1.453
3.956
1.487
1.398
1.964
1.555
1.467
2.290
1.525
1.442
1.949
1.510
3.289
2.413
1.375
1.548
1.964
1.538
1.562
1.912
1.554
1.454
1.939
2.560
1.398
2.275
1.584
1.408
1.966
1.548
1.499
1.925
1.786
1.475
3.093
1.476
1.516
1.931
1.364
1.381
2.303
1.512
1.450
1.904
1.399
2.443
2.306
1.445
1.527
1.943
1.572
1.554
1.991
1.513
1.486
1.889
2.528
1.753
1.984
1.580
1.398
2.000
1.400
1.448
2.450
1.464
1.435
3.113
1.546
1.408
1.956
2.901
3.516
4.504
3.120
3.467
3.310
7.287
3.395
3.099
2.204
2.673
4.148
3.230
3.030
6.805
3.116
4.998
2.041
1.450
1.477
2.175
1.576
1.494
2.070
1.543
1.409
2.001
2.363
1.480
2.051
1.638
1.481
1.914
1.434
1.427
1.925
1.513
1.427
3.711
1.520
1.485
2.387
1.474
1.447
1.927
1.610
1.408
1.882
1.472
2.417
1.870
1.487
1.460
1.937
1.650
1.495
1.874
1.530
1.410
2.361
2.268
1.593
1.892
1.468
1.576
1.964
1.571
1.550
1.964
1.547
1.420
3.142
1.449
1.672
2.097
2.271
1.410
1.663
1.575
1.498
1.559
1.578
2.282
1.511
1.424
1.490
2.117
1.464
1.976
1.626
1.416
1.463
1.584
2.325
1.420
1.436
1.446
1.586
1.452
1.389
1.580
1.474
1.440
1.490
3.407
1.668
1.552
1.552
1.422
1.400
1.572
1.378
1.403
1.561
1.496
2.444
1.509
1.448
1.933
1.565
1.386
1.428
1.527
1.473
1.420
1.552
3.322
1.563
1.547
1.492
1.551
1.753
1.579
1.388
1.572
1.410
1.482
2.371
1.426
1.491
1.488
1.515
1.421
1.480
1.698
1.484
1.894
1.454
2.444
1.470
1.413
1.474
1.556
1.460
1.465
1.513
1.447
1.562
1.471
2.303
1.459
1.484
1.560
1.430
1.503
1.432
1.512
1.509
1.389
1.392
2.521
1.394
1.454
1.513
1.318
1.597
1.822
1.394
1.563
1.557
1.379
2.371
1.488
1.334
1.605
1.489
1.421
1.383
1.501
1.388
1.653
1.431
2.240
1.608
1.521
1.383
1.509
1.519
1.383
1.392
1.510
1.481
1.563
3.359
1.474
1.479
1.614
1.508
1.397
1.512
1.393
1.461
1.512
1.402
2.419
1.587
1.376
1.406
1.536
1.424
1.435
1.560
1.398
1.709
1.507
1.358
1.476
1.478
1.618
1.426
1.548
1.383
1.469
1.575
1.282
1.526
2.423
1.457
1.503
1.505
1.400
1.503
1.429
1.428
1.462
1.571
1.423
2.425
1.542
1.528
1.446
1.552
1.398
1.475
1.677
1.398
1.424
1.478
2.266
1.416
1.581
1.368
1.432
1.696
1.327
1.482
1.464
1.407
1.411
2.461
1.342
1.716
1.558
1.403
1.590
1.493
1.580
1.485
1.520
3.159
1.463
1.548
1.445
1.448
1.517
1.350
1.498
1.454
1.447
1.555
3.351
1.448
1.408
1.464
1.405
1.475
1.511
1.471
1.456
1.671
1.382
3.176
1.728
1.478
1.408
1.586
1.458
1.517
1.476
1.347
1.538
1.596
3.278
1.460
1.736
1.557
1.469
1.583
1.386
1.474
1.491
1.331
1.628
3.338
1.341
1.503
1.487
1.498
1.532
1.496
1.509
1.390
1.664
1.498
2.327
1.567
1.504
1.444
1.477
1.377
1.547
1.552
1.457
1.410
1.422
2.201
1.452
1.620
1.469
1.444
1.558
1.452
1.566
1.462
1.401
1.489
3.429
1.373
1.561
1.517
1.415
1.538
1.491
1.459
1.561
1.457
1.549
2.518
1.466
1.471
1.410
1.457
1.372
1.501
1.477
1.416
1.462
1.544
2.403
1.685
1.463
6.382
1.534
1.726
1.407
1.498
1.591
3.160
1.554
1.501
1.499
1.583
1.390
1.395
1.558
1.496
1.382
1.481
5.877
1.345
1.546
1.498
1.458
1.437
1.540
1.609
1.466
1.474
3.150
1.581
1.445
1.455
1.436
1.470
1.467
1.435
1.506
1.562
1.604
3.388
1.444
1.483
1.417
1.403
1.401
1.379
1.333
1.557
1.461
1.406
2.417
1.657
1.399
1.429
1.468
1.380
1.458
1.396
1.329
1.573
3.380
1.385
1.714
1.429
1.610
1.440
1.388
1.352
1.506
1.469
1.415
2.418
1.706
1.415
1.535
1.416
1.429
1.402
1.464
1.402
1.594
2.356
1.448
1.455
1.460
1.500
1.475
1.533
1.321
1.434
1.385
1.355
2.502
1.512
1.347
1.620
1.445
1.403
1.413
1.526
1.369
1.477
2.281
1.430
1.485
1.418
1.432
1.546
1.355
1.392
1.503
1.479
1.469
2.377
1.401
1.647
1.386
1.697
1.398
1.453
1.501
1.503
1.471
3.242
1.453
1.503
1.501
1.397
1.531
1.399
1.363
1.426
1.465
1.428
2.363
1.464
1.386
1.519
1.620
1.468
1.471
1.611
1.470
1.486
1.472
2.060
1.413
1.471
1.352
1.730
1.461
1.399
1.456
1.430
1.456
2.350
1.496
1.461
1.542
1.457
1.455
1.470
1.414
1.389
1.516
1.522
2.301
1.435
1.494
1.369
1.708
1.495
1.465
1.537
1.578
1.371
3.296
1.523
1.378
1.435
1.412
1.428
1.399
1.663
1.415
1.443
1.542
2.532
1.461
1.462
1.410
1.486
1.440
1.371
1.511
1.493
1.375
3.225
1.575
1.480
1.518
1.431
1.414
1.498
1.521
1.414
1.498
1.481
2.335
1.584
1.446
1.408
1.455
1.544
1.410
1.657
1.502
1.358
3.285
1.518
2.377
1.370
1.684
1.536
1.383
3.427
1.549
1.410
1.521
1.615
1.441
1.467
1.730
1.434
1.529
3.390
1.446
1.484
1.546
1.493
1.447
1.592
1.415
1.562
1.526
1.591
2.354
1.595
1.391
1.495
1.512
1.354
1.506
1.479
1.412
1.482
3.277
1.458
1.421
1.588
1.451
1.562
1.596
1.348
1.403
1.535
1.415
2.290
1.499
1.330
1.476
1.655
1.378
1.488
1.634
1.382
1.356
3.375
1.472
1.510
1.494
1.372
1.495
1.528
1.618
1.398
1.531
1.417
3.342
1.653
1.771
1.455
1.481
1.347
1.454
1.653
1.376
1.513
3.267
1.431
1.478
1.599
1.678
1.587
1.607
1.424
1.483
1.489
1.376
2.266
1.626
1.309
1.485
1.602
1.393
1.831
1.744
1.341
1.453
1.578
2.302
1.528
1.519
1.431
1.451
1.651
1.564
1.603
1.538
1.348
3.311
1.641
1.459
1.550
1.477
1.376
1.412
1.533
1.400
1.603
3.285
1.553
1.427
1.583
1.518
1.428
1.589
1.337
1.572
1.577
1.483
2.270
1.693
1.519
1.447
1.528
1.340
1.428
1.545
1.432
1.507
1.516
1.377
1.411
1.669
1.469
1.502
1.554
1.434
1.531
1.532
1.549
3.351
1.594
1.364
1.522
1.576
1.505
1.405
1.488
1.418
1.827
3.369
1.583
1.404
1.559
1.471
1.444
1.558
1.398
1.524
1.586
1.377
2.359
1.531
1.402
1.508
1.549
1.322
1.468
1.609
1.380
1.404
3.326
1.702
1.417
1.557
1.402
1.472
1.635
1.399
1.423
1.624
1.387
2.465
1.608
1.486
1.428
1.521
1.361
1.576
1.493
1.368
1.482
1.500
2.313
1.444
1.564
1.288
1.672
