2.706
1.526
1.929
2.365
3.503
1.552
2.867
1.598
1.638
2.437
1.615
1.641
3.391
1.618
1.517
2.403
1.557
1.775
2.441
1.483
2.037
2.287
1.533
1.593
2.491
1.575
1.651
3.374
1.561
1.587
2.240
1.644
1.669
2.419
1.547
3.456
2.525
1.606
1.662
2.592
1.808
1.594
2.499
3.271
1.645
2.404
1.627
1.607
2.505
1.573
1.687
3.127
1.574
1.652
2.212
1.679
1.582
2.338
3.543
1.690
2.232
1.703
1.570
2.192
1.640
1.540
3.379
1.644
1.505
2.378
1.573
1.540
2.578
1.602
3.374
2.332
1.516
1.643
2.256
1.699
1.547
2.436
2.357
1.646
2.300
1.706
1.585
2.270
1.643
3.438
2.463
1.599
1.579
2.421
1.645
1.595
2.260
6.016
1.501
2.469
1.549
1.616
2.243
1.541
1.537
3.570
1.527
1.856
2.171
1.658
1.539
2.581
3.444
1.705
2.155
1.744
1.513
2.503
1.610
1.675
3.203
1.825
1.491
2.389
1.502
1.537
2.313
3.398
1.820
2.415
1.481
1.735
2.429
1.616
3.357
2.447
1.529
1.809
2.518
1.591
1.589
2.381
3.329
1.728
2.268
1.701
1.666
2.356
1.666
3.391
2.284
1.626
1.685
2.446
1.657
1.575
2.295
3.386
1.517
2.443
1.494
1.818
2.266
1.557
3.690
2.447
1.573
1.552
2.520
1.577
1.597
2.403
3.427
1.621
2.391
1.590
1.694
2.352
1.559
1.611
3.158
1.590
1.587
2.295
1.512
1.545
2.273
3.309
1.625
2.347
1.600
1.695
2.562
1.489
3.434
2.298
1.656
1.689
2.439
1.570
1.614
2.234
3.421
1.697
2.387
1.712
1.575
2.212
1.674
3.443
2.321
1.581
1.500
2.436
1.585
1.600
2.359
3.407
1.849
2.379
1.520
1.619
2.231
1.554
3.355
2.315
1.660
1.670
2.255
1.593
1.568
2.234
3.524
1.499
2.576
1.569
1.514
2.183
1.624
1.581
2.296
1.660
1.638
2.313
1.531
1.623
2.347
3.338
1.596
2.370
1.496
2.004
2.209
1.526
3.351
2.463
1.658
1.521
2.244
1.528
1.610
2.272
3.465
1.572
2.344
1.619
1.605
2.338
1.638
1.613
2.317
1.537
1.694
2.341
1.698
1.619
2.449
3.474
1.706
2.427
1.626
1.548
2.402
1.663
3.305
2.677
1.659
1.574
2.641
1.581
1.646
2.431
3.425
1.642
2.560
1.558
1.630
2.561
1.593
1.633
2.560
1.631
1.701
2.343
1.602
1.753
2.536
3.305
1.864
2.467
1.612
1.604
2.333
1.530
3.564
2.395
1.631
1.687
2.371
1.767
1.549
2.663
3.407
1.691
2.395
1.502
1.644
2.479
1.533
3.454
2.453
1.650
1.586
2.433
1.506
1.803
2.335
3.442
1.613
2.403
1.622
1.870
2.496
1.689
3.375
2.521
1.656
2.730
2.648
1.515
1.626
2.391
2.683
1.604
2.336
1.518
1.675
2.602
1.652
3.411
2.424
1.546
1.584
2.513
1.793
1.591
3.450
1.574
1.511
2.395
1.638
1.619
2.364
1.592
3.400
2.427
1.672
1.508
2.399
1.570
1.694
3.947
1.678
1.566
2.369
1.606
1.585
2.269
1.625
3.377
2.465
1.741
1.616
2.434
1.779
1.766
3.519
1.535
1.744
2.388
1.643
1.727
2.426
1.762
2.565
2.512
1.612
1.585
2.351
1.574
1.527
3.762
1.754
1.616
2.298
1.764
1.732
2.473
2.452
1.944
2.457
1.758
1.639
2.577
1.577
1.608
3.496
2.006
1.628
2.723
1.552
1.704
2.400
3.470
1.719
2.327
1.640
1.589
2.390
1.499
1.585
3.598
1.639
1.598
2.274
1.621
1.728
2.338
3.326
1.696
2.396
1.493
1.600
2.355
1.690
1.538
3.269
1.509
1.639
2.486
1.564
1.570
2.316
3.497
1.707
2.434
1.532
1.584
2.582
1.571
1.644
2.520
1.545
1.635
2.270
1.718
1.494
2.389
3.384
1.546
2.480
1.564
1.675
2.505
1.682
3.430
2.633
1.664
1.772
2.488
1.568
1.664
2.613
2.517
3.774
2.064
2.276
3.505
1.914
5.338
3.012
2.998
2.284
1.714
3.284
2.516
1.654
1.635
2.431
1.691
1.535
2.334
2.552
1.493
2.413
1.536
1.683
2.685
1.504
3.373
2.433
1.588
1.619
2.386
1.581
1.803
3.692
1.683
1.582
2.222
1.567
1.528
2.322
1.788
3.330
2.397
1.642
1.697
2.368
1.499
1.527
3.402
1.558
1.609
2.316
1.586
1.632
2.237
1.594
2.357
2.256
1.575
1.619
2.406
1.464
1.488
3.465
1.483
1.549
2.270
1.592
1.637
2.393
3.358
1.712
2.246
1.593
1.585
2.203
1.632
1.589
3.432
1.419
1.570
2.461
1.541
1.609
2.489
3.322
1.708
2.340
1.625
1.563
2.371
1.853
3.402
2.331
1.689
1.484
2.520
1.596
1.708
2.352
3.458
1.543
2.492
1.549
1.698
2.243
1.703
3.394
2.398
1.559
1.537
2.524
1.607
1.541
2.399
2.466
1.632
2.281
1.537
1.568
2.470
1.488
3.525
2.527
1.579
1.695
2.394
1.606
1.689
3.737
1.584
1.692
2.496
1.525
1.526
2.667
1.539
3.376
2.388
1.549
1.566
2.375
1.632
1.797
3.431
1.647
1.533
2.282
1.588
1.689
2.423
3.347
1.698
2.658
1.569
1.554
2.416
1.575
1.622
3.475
1.608
1.621
2.402
1.625
1.537
2.653
3.418
1.571
2.522
1.536
1.634
2.554
1.547
1.737
3.266
1.629
1.639
2.321
1.509
1.664
2.276
3.514
1.822
2.349
1.594
1.578
2.377
1.586
3.333
2.647
1.562
1.523
2.268
1.613
1.785
2.450
3.355
1.672
2.421
1.668
1.487
2.433
1.598
3.344
2.550
1.563
1.689
2.499
1.681
1.713
2.428
2.358
1.763
2.273
1.779
1.514
2.539
1.518
3.517
2.386
1.571
1.525
2.475
1.563
1.761
3.784
1.541
1.604
2.253
1.781
1.542
2.462
1.645
2.313
2.473
1.634
1.669
2.803
1.569
1.553
3.421
1.598
1.528
2.443
1.696
1.509
2.507
3.334
1.803
2.206
1.665
1.675
2.154
1.706
1.663
3.333
1.720
1.556
2.349
1.649
1.564
2.330
3.318
1.619
2.515
1.837
1.645
2.401
1.580
1.600
3.246
1.798
1.602
2.556
1.663
1.651
2.278
3.384
1.659
2.394
1.562
1.799
2.466
1.705
3.363
2.257
1.515
1.614
2.381
1.823
1.483
2.314
2.362
1.596
2.296
1.592
1.623
2.604
1.587
3.376
2.391
1.544
1.477
2.684
1.512
1.627
3.750
1.585
1.653
2.364
1.553
1.586
2.540
1.594
3.482
2.612
1.656
1.599
2.381
1.601
1.648
3.440
1.557
1.734
2.664
1.569
1.591
2.298
1.740
4.343
2.293
1.530
1.520
2.522
1.672
1.530
3.639
1.569
1.644
2.263
1.680
1.600
2.382
3.378
1.685
2.246
1.632
1.580
2.372
1.518
1.578
3.176
1.617
1.627
2.239
1.533
1.636
2.256
3.440
1.899
2.454
1.653
1.595
2.502
1.565
3.373
2.298
1.549
1.888
2.313
1.547
1.580
2.394
3.343
1.584
2.366
1.631
2.078
2.316
1.610
3.358
2.463
1.517
1.796
2.439
1.602
1.563
3.805
1.642
1.616
2.393
1.525
1.732
2.673
1.556
3.304
2.422
1.541
1.582
2.248
1.679
1.528
3.334
1.545
1.894
2.267
1.587
1.613
2.456
1.627
2.355
2.245
1.526
1.751
2.467
1.509
1.836
3.393
1.538
1.636
2.356
1.569
1.571
2.441
3.352
1.725
2.324
1.729
1.648
2.272
1.563
1.562
3.371
1.528
1.644
2.389
1.545
1.580
2.503
3.278
1.646
2.255
1.636
1.559
2.261
1.559
1.576
3.420
1.603
1.528
2.214
1.611
1.505
2.567
3.341
1.810
2.349
1.952
1.701
2.186
2.010
3.395
2.442
1.578
1.717
2.327
1.603
1.535
2.347
2.493
1.709
2.285
1.713
1.646
2.208
1.573
3.314
2.292
1.604
1.852
2.430
1.580
1.578
3.996
1.670
1.595
2.418
1.586
1.699
2.358
1.576
3.448
2.351
1.701
1.579
2.283
1.662
1.634
3.588
1.601
1.674
2.262
1.708
1.843
2.324
3.409
1.701
