2.333
2.083
2.092
3.351
2.284
2.117
2.120
2.145
3.322
2.114
2.174
3.311
2.148
7.698
2.018
2.073
2.138
2.223
3.231
2.146
2.037
2.071
2.103
3.354
2.040
2.031
2.061
2.104
3.279
2.124
2.028
2.180
2.061
2.961
2.192
2.018
1.940
2.105
2.600
2.105
2.242
2.022
3.309
2.202
2.104
2.116
2.162
3.327
2.167
2.113
2.028
2.096
3.374
2.087
2.076
2.060
2.063
3.236
2.114
2.024
2.099
2.097
3.362
1.999
2.039
1.988
2.122
2.511
2.142
2.102
2.036
3.236
2.220
2.196
2.093
2.089
3.366
2.172
1.994
2.114
2.048
3.317
2.162
1.985
1.985
2.043
3.302
2.115
2.050
2.185
2.004
3.308
2.080
2.004
2.087
3.990
2.289
2.063
2.118
2.073
3.502
2.117
2.096
2.053
2.061
3.267
2.049
2.128
1.958
3.658
3.365
2.066
2.069
2.020
3.330
2.111
2.128
2.139
2.033
3.302
2.154
2.252
2.127
2.292
3.659
2.074
2.065
2.148
3.410
2.531
2.061
2.182
2.081
5.055
2.261
2.059
2.296
2.095
3.278
2.050
2.270
2.150
2.587
3.282
2.121
2.040
2.028
3.639
2.136
2.089
2.117
2.172
3.339
2.110
2.138
2.136
3.421
3.287
2.138
2.101
2.065
3.315
2.012
2.274
1.981
2.019
3.712
2.220
2.141
2.084
3.292
3.426
2.103
1.982
2.027
3.288
2.060
2.022
2.227
2.092
3.370
2.174
2.083
2.140
3.285
3.340
1.976
2.317
2.130
3.343
2.298
2.387
2.119
2.059
3.342
2.045
2.187
2.074
3.285
3.356
1.980
2.099
2.092
5.345
2.178
2.083
2.090
2.339
2.359
2.101
2.066
2.265
3.310
2.161
2.257
2.004
3.268
3.545
1.996
2.000
3.533
3.412
2.116
3.445
2.056
3.349
3.628
2.066
2.068
3.270
3.270
2.112
3.291
2.087
3.259
3.545
3.282
2.196
3.313
3.323
2.046
3.466
1.891
3.553
3.302
2.132
2.079
3.572
3.247
3.309
3.394
1.975
3.337
3.293
2.053
2.146
3.594
3.235
2.249
3.313
2.008
3.357
3.283
2.021
2.071
3.618
3.249
1.972
3.378
2.024
3.430
3.409
2.007
2.040
3.597
3.138
2.174
3.401
2.054
3.555
3.339
1.970
2.230
5.877
2.149
2.072
3.278
2.075
3.641
3.302
1.963
2.179
3.895
2.015
2.127
3.379
3.436
2.168
3.295
1.995
3.280
3.349
1.970
2.090
3.383
3.672
2.020
3.349
2.055
3.689
3.352
2.080
1.955
3.719
3.232
2.103
3.285
1.994
3.353
3.416
2.112
2.041
4.163
2.047
2.051
3.464
3.156
2.410
3.357
2.105
3.299
3.300
2.014
2.015
3.431
3.263
2.043
3.375
2.257
3.486
3.344
2.105
2.144
3.628
3.298
2.173
3.274
1.958
4.474
3.252
1.936
2.113
4.205
2.098
2.199
3.374
3.260
2.140
3.291
2.094
3.246
3.349
1.991
2.402
4.107
2.300
2.096
3.386
3.234
2.596
3.421
2.032
3.308
5.487
2.064
2.079
3.549
3.261
2.004
3.410
2.535
3.266
3.314
1.943
3.329
3.571
1.933
2.044
3.829
3.233
2.269
3.295
3.269
2.384
3.319
2.102
5.163
3.318
1.930
2.011
3.980
1.991
2.191
3.366
3.267
1.997
3.296
1.986
3.503
3.304
2.023
2.212
3.362
2.022
2.085
5.310
2.254
2.031
3.336
3.345
2.048
3.428
2.212
3.355
3.300
2.016
3.312
3.362
2.005
2.074
4.018
2.035
2.051
3.784
2.366
2.066
3.326
5.377
2.181
3.324
3.403
2.149
3.319
2.017
3.855
3.316
2.038
3.281
3.439
2.000
3.261
3.431
1.975
2.265
5.341
1.978
2.070
3.858
2.108
2.040
3.542
3.315
2.121
3.286
3.609
2.309
5.267
2.015
3.303
3.808
2.151
3.232
3.217
2.059
2.070
3.788
2.146
1.981
3.349
2.335
2.015
3.357
2.105
2.033
5.294
2.133
2.096
3.266
2.148
2.039
3.405
2.107
2.139
3.242
2.097
2.023
3.306
2.229
1.992
5.439
2.162
1.970
3.253
2.171
2.009
3.481
2.136
2.093
3.390
2.105
2.043
3.347
2.061
2.489
3.270
2.195
3.292
2.077
2.235
4.302
2.104
3.290
2.070
2.105
3.718
1.989
3.209
2.235
3.370
3.496
3.518
4.335
2.094
3.278
2.089
3.282
2.086
3.284
2.182
2.686
2.541
2.538
3.718
2.481
3.347
2.410
3.270
2.448
3.390
3.440
3.367
3.341
3.349
3.380
2.474
3.565
2.256
3.524
2.324
3.399
2.198
4.183
2.187
3.525
2.142
3.320
2.188
3.438
2.015
3.345
2.058
3.309
2.179
3.487
2.110
3.636
2.070
3.829
2.636
3.327
2.423
3.335
2.379
2.483
3.277
2.648
3.266
2.441
3.561
2.194
3.842
2.221
3.350
2.141
3.307
2.083
3.321
2.061
3.306
2.123
3.361
2.172
3.498
2.289
3.590
2.159
3.300
2.043
3.636
2.143
3.733
2.531
3.318
3.405
3.267
3.354
2.428
3.576
2.546
3.324
2.478
3.258
3.234
3.503
2.141
3.448
2.178
3.295
2.233
3.400
2.042
3.333
2.133
3.412
2.082
3.471
2.000
3.686
2.117
3.971
3.706
3.306
3.278
2.370
3.277
2.021
3.571
2.237
3.297
2.174
3.359
2.197
3.597
2.158
3.801
1.995
3.669
2.237
3.368
2.114
3.336
2.060
3.376
2.044
3.380
2.362
3.493
2.087
3.614
2.043
3.593
3.843
3.341
3.245
2.443
3.294
2.071
3.772
2.226
3.632
2.111
3.587
2.319
3.467
1.993
3.298
2.143
3.369
2.210
3.503
2.053
3.369
2.104
3.278
2.053
3.432
2.098
3.494
2.114
3.607
2.015
3.978
2.986
3.250
3.294
3.299
3.397
3.737
3.317
2.203
3.404
2.102
3.270
2.124
3.632
2.157
3.274
2.166
3.270
2.301
3.386
2.070
3.368
2.105
3.338
2.079
3.683
2.054
2.529
2.206
3.274
2.668
3.329
3.354
2.501
3.368
2.471
3.351
2.059
3.704
2.127
3.353
2.127
3.417
2.311
3.471
2.137
3.354
2.071
3.833
2.216
3.408
2.152
3.414
2.091
3.563
1.986
3.694
3.366
3.320
3.375
3.294
3.344
2.500
3.641
2.133
3.275
2.205
3.391
2.336
3.351
2.061
3.314
2.243
3.264
2.085
3.716
2.086
3.231
2.156
3.506
2.515
3.281
3.350
2.458
3.395
2.378
3.444
2.234
3.272
2.086
3.411
2.157
3.449
2.203
3.301
2.134
3.409
2.161
3.324
2.174
3.407
2.186
3.408
2.121
3.523
2.419
3.223
3.284
2.579
3.228
2.415
3.384
2.196
3.350
2.206
3.302
2.174
3.392
2.311
3.489
2.105
3.277
2.132
3.355
3.469
3.654
2.175
4.174
2.332
3.379
3.537
2.399
3.290
2.211
3.494
2.141
3.491
2.301
3.414
2.145
3.274
2.097
3.769
2.086
3.641
2.158
3.294
2.117
3.341
2.370
3.290
3.354
3.355
3.302
2.941
3.326
2.245
3.362
2.080
3.585
2.195
3.285
2.174
3.410
2.133
3.414
2.243
3.428
2.177
3.578
2.106
3.725
2.159
3.855
3.460
3.301
3.337
2.432
3.352
2.545
3.488
2.136
3.478
2.203
3.323
2.183
4.153
2.183
3.843
2.185
3.381
2.180
3.754
3.364
2.576
3.350
2.507
3.524
2.442
3.405
2.098
3.357
2.195
3.598
2.125
3.427
2.182
3.475
2.165
3.703
2.258
3.886
2.099
3.721
2.103
3.945
3.478
2.462
3.363
2.544
3.260
2.568
3.493
2.029
3.324
2.117
3.394
2.167
3.513
2.152
3.393
2.199
3.370
2.076
3.435
2.311
3.245
2.546
3.366
3.257
3.308
3.604
2.282
3.326
2.155
3.373
2.286
3.363
2.059
3.493
2.118
3.347
2.270
3.388
1.981
3.925
2.240
3.667
2.438
3.253
3.415
2.427
3.528
2.413
3.456
2.317
3.289
2.175
3.326
2.137
3.551
2.097
3.618
2.246
3.335
2.099
3.590
2.063
4.038
3.295
3.250
3.291
2.702
3.285
2.116
3.310
2.105
3.352
2.153
3.264
2.279
3.458
2.073
3.301
2.127
3.501
2.153
3.415
2.428
