1.447
1.527
1.254
1.326
1.615
2.214
1.779
1.740
1.364
1.290
1.606
1.857
1.600
1.794
1.341
1.251
1.652
1.801
1.349
2.060
3.653
1.369
1.286
1.873
1.269
1.647
1.306
1.238
1.529
1.339
1.734
1.822
1.284
1.223
1.231
1.394
1.277
2.004
1.695
1.316
1.401
1.388
1.297
1.194
2.201
1.504
1.328
1.452
1.280
1.355
1.705
1.328
1.274
1.336
1.222
1.314
1.441
1.540
1.734
1.299
1.317
1.411
1.300
1.351
1.447
1.776
1.358
1.365
1.292
1.317
1.340
1.838
1.588
1.519
1.373
1.366
1.223
1.320
1.954
1.565
1.454
1.246
1.214
1.390
1.640
1.306
1.546
1.271
1.378
1.384
1.292
1.322
2.227
1.256
1.301
1.316
1.326
1.199
1.901
1.479
1.582
1.378
1.273
1.498
1.374
1.924
1.666
1.404
1.425
1.445
1.416
1.285
2.045
1.707
1.231
1.263
1.504
1.279
1.341
2.099
1.315
1.294
1.334
1.262
1.339
2.180
1.392
1.359
1.309
1.286
1.274
1.313
1.750
1.918
1.412
1.239
1.422
1.314
1.312
1.972
1.628
1.362
1.570
1.391
1.304
1.719
1.921
1.244
1.271
1.460
1.262
1.268
1.887
1.595
1.241
1.412
1.237
1.314
1.657
1.764
1.661
1.405
1.344
1.343
1.333
1.329
1.876
1.842
1.422
1.287
1.360
1.320
1.900
1.636
1.330
1.315
1.376
1.264
1.347
1.769
1.454
1.417
1.310
1.241
1.307
1.456
1.812
1.588
1.458
1.300
1.244
1.468
1.349
1.284
1.855
1.382
1.566
1.468
1.247
1.683
3.099
1.532
1.360
1.400
1.304
1.348
1.353
1.792
1.288
1.332
1.367
1.622
1.268
1.767
1.558
1.497
1.237
1.301
1.347
1.523
1.339
1.351
1.394
1.414
1.360
1.256
1.763
1.903
1.245
1.396
1.405
1.316
1.356
1.964
1.761
1.271
1.437
1.355
1.227
1.465
2.194
1.605
1.416
1.271
1.448
1.311
1.507
1.330
1.695
1.369
1.356
1.354
1.279
1.803
1.372
1.274
1.336
1.399
1.272
1.283
2.277
1.576
1.368
1.466
1.274
1.405
1.349
2.129
1.544
1.424
1.228
1.263
1.439
1.499
1.386
1.589
1.261
1.277
1.335
1.339
1.680
3.069
1.424
1.328
1.313
1.253
1.282
2.026
1.576
1.428
1.360
1.314
1.477
1.788
1.650
1.520
1.451
1.617
1.366
1.373
1.343
1.603
1.296
1.323
1.322
1.351
1.316
1.933
1.740
1.229
1.290
1.343
1.207
1.276
2.024
1.580
1.519
1.318
1.388
1.378
1.320
1.973
1.556
1.642
1.435
1.253
1.421
1.686
1.560
1.343
1.238
1.380
1.464
1.360
1.496
1.333
1.228
1.311
1.362
1.271
1.345
1.793
1.646
1.362
1.331
1.237
1.299
1.404
2.205
1.572
1.554
1.394
1.268
1.467
1.575
1.243
1.690
1.273
1.421
1.609
1.334
1.729
1.690
1.251
1.202
1.346
1.370
1.324
1.915
1.652
1.270
1.408
1.285
1.291
1.319
1.802
1.738
1.380
1.296
1.379
1.307
1.292
2.130
1.634
1.385
1.334
1.460
1.311
1.578
1.394
1.576
1.225
1.395
1.284
1.418
1.521
1.244
1.482
1.323
1.299
1.315
1.403
1.884
1.682
1.334
1.236
1.272
1.335
1.224
1.780
1.911
1.285
1.317
1.609
1.368
1.277
2.110
1.556
1.337
1.443
1.266
1.211
1.373
17.608
1.488
1.322
1.263
1.319
1.965
1.648
1.631
1.427
1.349
1.273
1.414
1.268
2.223
1.441
1.302
1.283
16.126
2.044
1.569
1.276
1.379
1.375
1.383
1.253
1.691
1.770
1.306
1.366
1.248
1.464
1.456
2.134
1.649
1.321
1.410
1.300
1.322
1.333
1.727
1.916
1.261
1.297
1.314
1.342
1.239
2.026
2.096
1.252
1.394
1.285
1.358
2.079
3.022
1.505
1.456
1.328
1.364
1.317
1.872
1.789
1.217
1.424
1.320
1.420
1.299
1.956
1.600
1.261
1.278
1.399
1.334
1.286
1.942
1.766
1.334
1.225
1.325
1.304
1.457
1.334
1.571
1.322
1.490
1.341
1.407
1.854
1.275
1.348
1.416
1.328
1.225
1.416
1.753
1.208
1.708
1.456
1.228
1.447
1.365
2.183
1.568
1.292
1.284
1.391
1.292
1.253
2.070
1.664
1.303
1.353
1.253
1.331
1.324
1.294
1.474
1.724
1.388
1.517
1.305
1.539
1.306
1.302
1.278
1.298
1.492
1.381
1.963
2.044
1.256
1.361
1.368
1.304
1.322
1.909
1.583
1.265
1.383
1.282
1.248
1.365
1.875
2.041
1.413
1.265
1.204
1.330
1.250
1.414
1.699
1.260
1.501
1.389
1.373
1.547
1.418
1.632
1.437
1.350
1.309
1.367
1.862
1.616
1.177
1.487
1.364
1.387
1.401
2.058
1.744
1.364
1.326
1.297
1.410
1.328
1.978
1.624
1.273
1.313
1.343
1.307
1.330
1.819
1.724
1.331
1.352
1.290
1.308
1.523
1.930
1.532
1.359
1.358
1.281
1.526
1.267
2.154
1.668
1.276
1.374
1.454
1.341
1.447
1.371
1.313
1.410
1.300
1.280
1.335
2.057
1.698
1.295
1.302
1.296
1.308
1.332
1.838
1.890
1.352
1.240
1.384
1.286
1.253
2.069
1.620
1.243
1.698
1.329
1.268
1.260
1.375
1.600
1.301
1.288
1.227
1.515
1.966
1.210
1.472
1.425
1.444
1.243
1.299
1.698
1.856
1.303
1.404
1.237
1.379
1.227
1.893
1.805
1.342
1.507
1.299
1.286
1.212
1.918
1.696
1.299
1.314
1.407
1.349
1.391
1.237
1.526
1.332
1.213
1.203
1.355
1.892
1.355
1.830
1.195
1.306
1.370
1.202
1.800
1.312
1.419
1.205
1.883
1.275
1.453
2.258
1.636
1.308
1.712
1.503
1.207
1.669
2.002
1.567
1.871
1.212
1.332
1.760
1.225
2.116
2.080
1.295
1.329
1.741
1.329
1.663
1.776
1.706
1.222
1.707
1.426
1.357
3.137
1.709
1.204
1.748
1.270
1.348
1.715
1.998
1.543
1.948
1.216
1.217
1.686
1.265
1.897
2.236
1.206
1.233
1.794
1.321
2.046
1.794
1.540
1.331
1.676
1.299
1.415
2.339
1.630
1.300
1.682
1.294
1.380
1.661
1.716
1.465
1.807
1.220
1.305
1.708
1.221
1.901
1.975
1.308
1.396
1.831
1.342
1.303
2.569
1.504
1.220
1.771
1.288
1.292
3.168
1.749
1.211
1.822
1.256
1.325
1.845
1.762
1.549
1.775
1.296
1.468
1.775
1.233
2.178
2.022
1.526
1.296
1.720
1.291
1.349
2.363
1.765
1.233
1.834
1.326
1.304
2.034
1.343
1.585
1.626
1.358
1.294
1.848
1.745
1.541
1.755
1.326
1.255
1.800
1.268
2.232
2.093
1.266
1.317
1.785
1.323
1.362
2.517
1.631
1.196
1.810
1.290
1.290
1.730
1.952
1.698
1.626
1.386
1.191
1.782
1.593
1.268
2.010
1.415
1.267
1.875
1.347
1.868
2.234
1.182
1.247
1.741
1.239
1.260
2.281
1.985
1.323
1.883
1.874
1.216
1.874
2.157
1.846
1.835
1.229
1.324
1.663
1.296
2.014
2.125
1.638
1.214
1.777
1.227
1.209
2.574
1.488
1.265
1.867
1.236
1.381
3.179
1.488
1.544
1.703
1.228
1.374
1.668
2.024
1.599
1.902
1.254
1.251
1.733
1.427
2.124
2.070
1.257
1.202
1.599
1.285
1.267
2.505
1.761
1.604
1.709
1.273
1.385
1.698
1.996
1.368
1.730
1.224
1.397
1.725
1.227
1.208
2.005
1.307
1.315
1.806
1.527
1.916
3.231
1.438
1.255
1.728
1.304
1.415
2.672
1.451
1.269
1.776
1.325
1.375
1.668
1.484
1.615
1.778
1.292
1.558
1.662
1.364
2.266
1.890
1.206
1.383
1.680
1.296
1.671
1.712
1.582
1.279
1.814
1.210
1.511
2.337
1.643
1.346
1.703
1.312
1.297
1.712
1.892
1.969
1.729
1.210
1.274
1.779
1.312
2.109
1.840
1.504
1.198
1.695
1.423
1.239
2.790
1.765
1.340
1.672
1.521
1.245
1.739
1.883
1.660
1.754
1.240
1.256
1.679
1.771
