1.628
1.290
1.506
1.644
1.439
1.435
3.280
1.413
1.584
1.706
1.360
1.357
1.573
1.304
1.405
1.665
1.402
1.557
3.381
1.388
1.412
1.688
1.384
1.456
1.700
1.343
1.401
1.614
1.504
1.415
3.540
1.235
1.424
1.573
1.369
1.460
1.968
1.388
1.361
1.617
1.253
1.603
2.585
1.316
1.407
1.643
1.235
1.488
1.614
1.314
1.395
1.669
1.333
1.404
2.658
1.262
2.293
2.365
2.031
2.013
2.465
2.058
1.844
2.643
2.027
3.854
2.597
2.058
2.038
1.631
4.557
1.992
2.461
1.906
2.151
2.288
1.314
2.437
1.751
1.467
1.403
1.705
1.393
1.432
1.645
1.706
1.379
1.644
2.383
1.507
1.745
1.361
2.938
1.444
1.393
2.305
1.521
1.537
1.404
1.388
1.486
1.356
1.385
1.547
1.505
1.352
1.409
2.459
1.521
1.469
1.411
1.531
1.409
1.426
1.430
1.395
1.376
1.517
3.167
1.441
1.416
1.408
1.434
1.384
1.632
1.458
1.459
1.394
1.317
1.411
3.478
1.390
1.420
1.428
1.325
1.441
1.463
1.561
1.316
1.453
1.345
1.336
2.374
1.416
1.361
1.433
1.366
1.359
1.492
1.378
1.456
1.427
1.442
1.491
2.424
1.366
1.445
1.655
1.441
1.421
1.400
1.443
1.402
1.556
1.438
3.109
1.438
1.415
1.406
1.432
1.348
1.445
1.416
1.457
1.375
1.485
1.354
2.449
1.435
1.553
1.389
1.417
1.453
1.689
1.421
1.519
1.400
1.458
1.386
3.369
1.499
1.321
1.374
1.405
1.461
1.417
1.459
1.380
1.432
1.422
1.449
2.423
1.392
1.549
1.458
1.403
1.369
1.356
1.496
1.424
1.587
1.431
3.157
1.583
1.416
1.366
1.616
1.496
1.390
1.462
1.452
1.364
1.448
1.610
2.299
1.456
1.410
1.375
1.461
1.545
1.347
1.416
1.574
1.416
1.468
1.421
3.322
1.354
1.409
1.409
1.461
1.385
1.535
1.410
1.500
1.506
1.520
1.466
2.243
1.715
1.410
1.405
1.331
1.422
1.392
1.488
1.406
1.385
1.391
1.458
2.394
1.435
1.445
1.413
1.435
1.401
1.445
1.453
1.400
1.576
1.462
2.329
1.320
1.350
1.406
1.471
1.435
1.472
1.388
1.461
1.434
1.478
1.517
2.353
1.413
1.464
1.394
1.518
1.408
1.613
1.347
1.480
1.424
1.477
1.409
2.414
1.425
1.404
1.529
1.458
1.374
1.483
1.590
1.351
1.466
1.330
3.218
1.501
1.443
1.390
1.435
1.358
1.381
1.519
1.384
1.476
1.504
1.325
2.278
1.389
1.415
1.408
1.579
1.453
1.399
1.441
1.344
1.458
1.406
1.401
2.368
1.499
1.396
1.478
1.417
1.489
1.387
1.473
1.493
1.360
1.485
1.375
2.510
1.426
1.374
1.383
1.476
1.407
1.411
1.380
1.404
1.456
1.427
1.439
2.434
1.610
1.389
1.461
1.392
1.468
1.435
1.450
1.496
1.431
1.431
2.386
1.467
1.430
1.612
1.597
1.385
1.418
1.410
1.398
1.349
1.578
1.442
2.314
1.348
1.376
1.380
1.436
1.551
1.550
1.390
1.511
1.380
1.446
1.479
1.534
1.419
1.536
1.486
1.339
1.564
1.674
1.344
1.499
1.380
1.332
3.131
1.516
1.379
1.405
1.349
1.337
1.478
1.356
1.387
1.614
1.340
1.500
2.370
1.445
1.336
1.435
1.407
1.368
1.434
1.398
1.376
1.534
1.349
1.383
1.508
1.425
1.340
1.492
1.440
1.336
1.500
1.477
1.462
1.508
1.390
3.381
1.475
1.336
1.379
1.414
1.482
1.362
1.421
1.432
1.362
1.551
1.411
2.354
1.652
1.431
1.327
1.572
1.482
1.403
1.434
1.531
1.399
1.392
1.379
2.295
1.461
1.500
1.381
1.431
1.395
1.449
1.426
1.420
1.424
1.460
3.213
1.498
1.397
1.418
1.326
1.527
1.407
1.444
1.446
1.346
1.435
1.710
2.273
1.427
1.420
1.394
1.376
1.388
1.396
1.506
1.418
1.441
1.474
1.425
2.402
1.442
1.419
1.328
1.419
1.383
1.406
1.536
1.387
1.410
1.466
3.074
1.471
1.494
1.490
1.456
1.408
1.418
1.337
1.451
1.771
1.368
1.465
2.429
1.360
1.371
1.511
1.378
1.398
1.396
1.458
1.455
1.425
1.469
1.505
2.375
1.336
1.381
1.518
1.389
1.440
1.481
1.451
1.500
1.433
1.354
1.338
1.843
1.485
1.347
1.401
1.418
1.527
1.452
1.524
1.359
1.461
1.452
2.326
1.510
1.588
1.366
1.481
1.445
1.422
1.387
1.437
1.363
1.466
1.427
2.398
1.416
1.353
1.539
1.593
1.332
1.453
1.388
1.408
1.444
1.834
2.320
1.340
1.456
1.465
1.409
1.457
1.432
1.474
1.437
1.411
1.498
1.401
3.434
1.468
1.427
1.443
1.486
1.419
1.321
1.422
1.489
1.333
1.438
1.475
2.313
1.831
1.454
1.460
1.451
1.392
1.334
1.454
1.487
1.342
1.392
3.091
1.482
1.425
1.653
1.442
1.312
1.517
1.470
1.423
1.427
1.587
1.478
2.307
1.287
1.387
1.749
1.396
1.351
1.712
1.304
1.411
1.791
1.356
1.568
2.649
1.311
1.376
1.725
1.303
1.388
1.794
1.312
1.443
1.742
1.389
1.391
2.834
1.421
1.452
1.657
1.289
1.372
1.695
1.270
1.411
1.720
1.371
3.302
1.725
1.381
1.553
1.733
1.366
1.351
1.744
1.407
1.384
1.781
1.312
2.372
1.756
1.378
1.565
1.757
1.456
1.431
1.668
1.397
1.447
1.862
2.259
1.375
1.819
1.345
1.382
1.816
1.294
1.620
1.712
1.405
1.362
1.726
2.278
1.433
1.694
1.413
1.399
1.778
1.514
1.404
1.813
1.347
1.349
1.803
2.274
1.415
1.709
1.362
1.429
1.838
1.295
1.662
1.793
1.307
1.322
3.395
1.296
1.483
1.698
1.354
1.322
1.777
1.388
1.388
1.945
1.476
1.336
2.719
1.312
1.363
1.701
1.375
1.459
1.780
1.495
1.378
1.740
1.615
3.115
2.081
1.443
1.365
1.688
1.590
1.382
1.774
1.329
1.429
1.831
1.305
2.339
1.817
1.477
1.449
1.779
1.373
1.448
1.728
1.361
1.403
1.816
1.363
2.353
1.773
1.297
1.442
1.716
1.319
1.472
1.708
1.265
1.533
1.707
2.196
1.388
1.664
1.413
1.339
1.730
1.335
1.476
1.761
1.357
1.431
1.839
2.304
1.476
1.776
1.287
1.530
1.752
1.333
1.447
1.755
1.314
1.444
3.336
1.533
1.369
1.755
1.367
1.354
1.791
1.434
1.379
1.738
1.313
1.396
3.406
1.281
1.481
1.700
1.341
1.381
1.764
1.392
1.438
1.705
1.360
3.127
1.988
1.525
1.470
1.726
1.370
1.441
1.710
1.299
1.428
1.764
1.386
2.316
1.740
1.352
1.601
1.731
1.368
1.394
1.694
1.300
1.457
1.769
1.422
1.402
1.723
1.295
1.402
1.744
1.329
1.457
1.707
1.270
1.437
1.775
2.528
1.387
1.712
1.450
1.414
1.726
1.398
1.482
1.736
1.354
1.410
1.751
2.146
1.511
1.692
1.653
1.388
1.789
1.382
1.382
1.739
1.378
1.362
3.368
1.431
1.302
3.160
1.406
1.479
1.378
3.366
1.356
1.484
1.490
1.416
1.567
1.417
1.415
1.371
1.426
1.445
3.480
1.531
1.398
1.353
1.434
1.374
1.449
1.492
1.389
1.437
1.496
1.412
2.327
1.375
1.419
1.334
1.503
1.651
1.351
1.519
1.390
1.384
1.398
1.451
2.485
1.399
1.434
1.429
1.438
1.354
1.422
1.426
1.329
1.336
1.513
2.326
1.381
1.650
1.339
1.384
1.457
1.448
1.414
1.414
1.453
1.312
1.518
1.356
1.489
1.392
1.343
1.360
1.408
1.398
1.620
1.456
1.363
1.377
3.189
1.496
1.427
1.401
1.445
1.475
1.409
1.462
1.471
1.608
1.361
1.468
2.634
1.392
1.345
1.456
1.421
1.463
1.416
1.511
1.401
1.515
1.412
2.225
1.455
1.481
1.344
1.564
1.495
1.487
1.464
1.360
1.673
1.447
1.330
2.365
1.424
1.383
1.418
1.548
1.469
1.428
1.521
1.416
1.434
1.506
2.297
