1.325
1.383
2.464
1.330
1.413
1.303
1.436
1.344
1.329
1.315
1.364
1.418
1.271
1.523
1.257
1.356
1.456
1.443
1.272
1.325
1.361
3.007
1.504
1.389
1.287
1.355
1.418
1.306
1.412
1.271
1.238
2.382
1.270
1.278
1.366
1.384
1.399
1.347
1.317
1.424
3.289
1.349
1.390
1.342
1.395
1.306
1.722
1.332
1.385
1.670
2.305
1.370
1.673
1.398
1.284
1.815
1.426
1.259
1.835
3.667
1.282
1.736
1.307
1.357
1.999
1.273
1.394
1.574
2.190
1.387
1.700
1.264
1.286
1.731
1.443
1.285
1.786
2.448
1.319
1.830
1.378
1.395
1.692
1.332
1.340
3.176
1.276
1.386
1.793
1.322
1.547
1.682
1.391
1.287
2.605
1.280
1.369
1.687
1.389
1.380
1.710
1.360
3.453
1.638
1.452
1.303
1.728
1.435
1.276
1.825
2.241
1.413
1.710
1.360
1.337
1.724
1.542
1.377
1.632
2.268
1.250
1.741
1.322
1.296
1.697
1.394
1.250
3.380
1.230
1.471
1.701
1.371
1.340
1.684
1.263
1.301
1.709
1.382
1.288
1.773
1.378
1.328
1.698
3.509
1.424
1.601
1.291
1.412
1.601
1.403
1.307
3.239
1.307
1.366
1.625
1.592
1.280
1.687
1.298
3.036
1.647
1.377
1.361
1.732
1.416
1.325
1.745
2.219
1.414
1.640
1.361
1.422
1.633
1.273
1.247
2.626
1.376
1.253
1.735
1.393
1.386
1.756
3.401
1.465
1.650
1.333
1.361
2.036
1.325
1.375
2.916
1.295
1.365
1.742
1.552
1.331
1.748
3.113
1.453
1.687
1.279
1.354
1.796
1.410
1.391
2.584
1.389
1.331
1.713
1.395
1.408
1.617
3.056
1.451
1.712
1.374
1.348
1.727
1.364
1.302
4.137
1.353
1.413
1.714
1.396
1.288
3.159
1.420
1.259
1.728
1.326
1.342
1.763
3.214
1.374
1.758
1.421
1.276
1.840
1.440
3.101
1.768
1.350
1.250
1.671
1.331
1.384
3.191
1.381
1.261
1.787
1.425
1.442
1.654
3.549
1.426
1.951
1.393
1.398
1.721
1.268
2.309
1.941
1.363
1.328
1.720
1.338
1.416
2.749
1.283
1.358
1.900
1.271
1.340
3.251
1.541
1.504
1.671
1.448
1.282
1.740
2.235
1.330
1.749
1.382
1.320
1.722
1.250
2.455
1.874
1.274
1.322
1.681
1.335
2.274
1.694
1.407
1.365
1.618
1.410
1.350
2.805
2.190
2.136
1.334
1.312
1.290
1.327
2.348
1.299
1.370
1.362
1.288
1.252
2.241
1.337
1.243
1.451
1.262
1.415
3.199
1.444
1.324
1.380
1.331
1.244
1.402
2.220
1.678
1.329
1.362
1.360
1.339
2.332
1.248
1.381
1.409
1.365
1.388
1.386
2.249
1.355
1.454
1.289
1.332
1.437
2.298
1.416
1.467
1.339
1.435
1.391
3.164
1.478
1.487
1.501
1.394
1.414
1.296
2.310
1.431
1.299
1.408
1.371
1.355
3.086
1.333
1.451
1.470
1.341
1.363
1.341
2.329
1.295
1.615
1.421
1.336
1.337
2.202
1.341
1.359
1.406
1.379
1.399
1.436
2.324
1.334
1.388
1.329
1.412
1.255
2.332
1.365
1.338
1.507
1.406
1.412
1.358
1.296
1.283
1.399
1.438
1.447
1.355
2.261
1.353
1.340
1.348
1.290
1.389
3.005
1.343
1.420
1.356
1.477
1.278
1.420
2.117
1.384
1.337
1.371
1.314
1.415
2.248
1.323
1.359
1.402
1.345
1.382
1.382
2.218
1.412
1.312
1.385
1.676
1.278
2.442
1.366
1.277
1.350
1.371
1.336
1.394
2.345
1.264
1.350
1.352
1.384
1.252
3.058
1.393
1.370
1.330
1.296
1.340
1.352
2.297
1.323
1.419
1.367
1.367
1.381
2.234
1.371
1.355
1.358
1.318
1.729
1.277
2.175
1.388
1.268
1.270
1.434
1.458
2.308
1.411
1.298
1.374
1.344
1.392
1.390
2.346
1.392
1.435
1.386
1.366
1.463
2.265
1.506
1.341
1.420
1.336
1.416
3.064
1.351
1.266
1.370
1.482
1.344
1.594
2.268
1.285
1.388
1.259
1.440
1.373
2.289
1.276
1.522
1.288
1.402
1.378
1.387
2.284
1.385
1.328
1.450
1.389
1.384
2.287
1.410
1.310
1.361
1.388
1.371
1.290
2.549
1.313
1.401
1.344
1.432
1.220
2.475
1.343
1.464
1.326
1.383
1.406
1.337
2.646
1.296
1.421
1.413
1.382
1.341
2.211
1.365
1.335
1.372
1.356
1.453
3.080
1.342
1.336
1.405
1.251
1.467
1.310
2.226
1.380
1.302
1.389
1.431
1.313
2.302
1.582
1.482
1.428
1.399
1.332
3.001
1.416
1.440
1.302
1.376
1.304
1.403
2.314
1.562
1.383
1.386
1.334
1.228
2.313
1.287
1.266
1.458
1.270
1.304
1.349
2.407
1.570
1.502
1.281
1.275
1.372
2.259
1.356
1.526
1.414
1.374
1.341
3.115
1.306
1.335
1.277
1.260
1.417
1.271
2.240
1.410
1.298
1.343
1.416
1.483
2.252
1.416
1.262
1.433
1.416
1.366
3.038
1.434
1.295
1.317
1.344
1.390
1.315
2.371
1.359
1.376
1.467
1.517
1.307
2.266
1.314
1.370
1.335
1.297
1.322
1.432
1.393
1.321
1.359
1.403
1.256
1.344
2.342
1.335
1.432
1.376
1.356
1.356
1.341
2.289
1.336
1.271
1.388
1.423
1.533
2.257
1.429
1.371
1.263
1.336
1.425
3.002
1.354
1.280
1.406
1.381
1.401
1.450
2.333
1.362
1.328
1.353
1.276
1.312
2.290
1.421
1.322
1.494
1.283
1.355
3.156
1.391
1.509
1.391
1.371
1.275
1.448
2.236
1.329
1.473
1.346
1.397
1.365
2.312
1.366
1.338
1.352
1.383
1.361
3.087
1.442
1.408
1.411
1.253
1.426
1.312
2.253
1.366
1.395
1.407
1.366
1.272
2.338
1.341
1.290
1.305
1.362
1.288
1.341
2.276
1.491
1.408
1.396
1.363
1.321
2.247
1.279
1.276
1.466
1.376
1.396
3.068
1.454
1.434
1.329
1.268
1.383
1.413
2.293
1.259
1.383
1.349
1.331
1.468
2.340
1.449
1.351
1.331
1.360
1.410
2.239
1.335
1.346
1.320
1.335
1.340
3.095
1.497
1.408
1.417
1.299
1.452
1.284
2.234
1.502
1.317
1.335
1.450
1.289
2.213
1.372
1.252
1.285
1.433
1.380
3.066
1.518
1.272
1.506
1.306
1.442
1.384
2.336
1.303
1.339
1.393
1.512
1.297
3.101
1.373
1.326
1.533
1.417
1.386
1.320
2.269
1.332
1.393
1.328
1.283
1.371
2.271
1.339
1.425
1.267
1.404
1.378
3.086
1.510
1.353
1.325
1.349
1.414
1.279
2.274
1.450
1.317
1.383
1.370
1.304
2.451
1.443
1.285
1.393
1.499
1.452
3.364
1.770
1.483
1.324
1.734
1.383
3.056
1.766
1.392
1.347
1.902
1.343
1.320
2.870
1.234
1.283
1.815
1.495
1.389
3.446
1.258
1.335
1.761
1.479
1.321
3.289
1.367
1.339
1.740
1.378
1.386
1.783
2.363
1.352
1.744
1.372
1.436
1.754
2.345
1.297
1.837
1.344
1.299
1.715
2.289
1.407
1.824
1.432
1.296
1.808
3.091
1.577
1.734
1.315
1.322
1.949
1.441
2.395
1.710
1.308
1.387
1.618
1.388
2.401
1.802
1.312
1.345
1.742
1.574
2.205
1.889
1.296
1.337
1.759
1.273
3.047
1.881
1.303
1.416
1.718
1.357
1.358
2.822
1.317
1.366
1.781
1.311
1.391
2.901
1.409
1.305
1.742
1.272
1.456
3.172
1.287
1.337
1.818
1.412
1.394
1.889
2.264
1.390
1.673
1.349
1.443
17.205
2.281
1.280
1.727
1.313
1.309
2.013
2.268
1.392
1.783
1.573
1.313
1.675
2.333
1.318
1.672
1.475
1.321
1.715
3.060
1.372
1.766
1.291
1.299
1.723
1.395
2.271
1.939
1.341
1.515
1.748
1.365
2.635
1.834
1.398
1.369
1.717
1.313
2.298
1.851
1.360
1.381
1.703
1.298
3.193
1.786
1.409
1.348
1.953
1.354
1.348
2.975
1.371
1.346
1.761
1.384
1.354
2.972
1.377
1.379
1.700
1.422
