3.752
3.320
3.363
3.942
3.228
4.237
4.457
3.275
3.261
4.015
3.264
3.325
3.824
3.343
3.247
4.063
3.257
3.339
3.367
3.307
4.167
3.325
3.647
3.434
3.787
3.293
3.401
3.378
3.298
7.809
9.726
3.869
5.972
4.457
5.765
4.494
6.793
3.950
6.020
4.076
3.411
4.755
6.479
3.741
4.877
5.733
3.261
3.379
3.384
3.550
3.301
3.375
3.348
4.215
3.351
3.338
3.256
4.244
3.246
3.330
5.368
3.258
3.323
3.371
3.278
3.504
3.328
3.228
3.390
3.672
3.220
3.456
3.781
3.632
3.689
6.082
3.378
3.216
3.384
4.387
3.380
3.249
4.083
3.232
3.378
3.396
3.283
3.313
3.279
3.279
3.391
3.304
3.287
3.324
3.813
3.273
3.503
3.320
4.082
3.293
3.264
3.297
3.359
3.400
3.190
3.398
3.283
3.359
3.265
3.965
3.254
3.401
3.280
3.366
3.342
3.455
3.282
3.443
3.317
3.308
3.264
3.240
3.241
3.325
3.792
3.260
3.332
3.287
3.336
3.261
3.299
3.256
3.402
3.279
3.301
3.277
3.783
3.255
3.336
5.101
3.247
3.396
3.298
3.344
3.257
3.308
3.338
3.501
3.381
3.251
3.326
4.549
3.297
3.266
3.336
3.291
3.254
3.451
3.208
4.192
3.410
2.292
3.755
3.333
3.290
3.241
3.823
3.234
3.361
3.288
3.286
3.329
3.289
3.242
3.483
3.309
3.245
5.209
3.309
3.250
3.303
3.922
3.235
3.309
3.237
3.355
3.276
3.374
3.231
3.363
3.499
3.263
3.271
3.868
3.221
3.320
3.356
4.077
3.324
3.431
3.277
3.298
3.303
3.281
3.241
3.311
3.270
3.515
3.815
3.294
3.241
3.297
3.472
3.365
3.436
3.213
4.233
3.404
3.330
3.333
3.305
3.186
3.327
3.918
3.247
3.384
3.436
3.332
3.317
3.597
2.272
3.245
3.358
3.225
3.302
3.909
3.227
3.316
4.137
3.236
3.255
3.405
3.247
3.324
3.316
3.222
3.322
3.308
3.317
3.345
3.992
3.236
3.364
3.413
3.237
3.392
3.293
5.084
3.304
3.384
3.366
3.250
3.354
3.261
3.329
5.280
3.227
3.322
3.281
3.325
3.251
3.580
3.227
3.669
3.336
3.235
3.308
4.247
3.247
3.267
3.753
3.212
3.316
3.425
3.419
3.357
3.295
3.314
3.436
3.359
3.274
3.332
4.008
3.351
3.292
4.052
3.261
3.365
3.291
3.300
3.257
3.304
3.298
3.354
3.308
3.258
3.463
3.905
3.216
3.288
3.320
3.220
3.348
3.345
3.219
3.363
3.287
3.209
3.421
3.264
3.253
3.326
3.776
3.263
3.263
3.412
3.232
3.315
3.238
3.444
3.381
3.442
3.233
5.056
3.295
3.191
3.324
3.799
3.502
3.257
3.390
3.235
3.264
3.282
3.345
3.498
3.421
3.307
3.265
3.818
3.249
3.372
3.929
3.294
3.247
3.297
3.516
3.298
3.300
3.321
3.341
3.603
3.356
3.267
3.865
3.317
3.322
3.288
4.108
3.265
3.317
4.056
3.325
3.621
3.234
3.432
3.300
2.275
3.326
3.844
3.314
3.260
3.355
3.564
3.254
3.340
3.285
4.132
3.254
3.250
3.313
3.332
3.307
3.249
4.166
3.237
3.445
3.293
3.250
3.333
3.558
3.348
3.327
3.301
3.216
3.243
3.546
3.241
3.261
3.855
3.302
3.240
3.357
3.288
3.295
3.307
3.248
3.798
3.381
3.349
3.240
3.968
2.335
3.291
3.791
3.229
3.371
3.329
3.459
3.440
3.311
3.226
3.400
3.302
3.414
3.253
3.994
3.330
3.250
3.430
4.300
3.369
3.307
3.320
3.341
3.321
3.280
3.341
3.359
3.191
3.273
4.202
3.349
3.260
3.295
3.255
3.300
3.413
3.306
4.161
3.296
3.238
3.745
3.301
3.221
3.313
3.848
3.267
3.336
3.317
3.197
3.361
3.391
3.427
3.360
3.363
3.248
3.266
4.158
3.226
3.317
3.886
3.341
3.233
3.571
3.305
3.249
3.282
3.218
3.466
3.390
3.298
3.235
4.002
3.238
3.330
5.455
3.253
3.442
3.374
3.418
3.319
3.368
3.288
3.672
3.305
3.368
3.356
3.884
3.254
3.324
5.083
3.269
3.247
3.404
3.312
3.253
3.544
3.275
3.418
3.294
3.247
3.294
4.008
3.242
3.388
5.177
3.344
3.368
3.398
3.223
3.328
3.280
3.229
3.881
3.305
3.189
3.327
3.949
3.259
3.315
3.357
4.068
3.267
3.311
3.270
3.236
3.282
3.282
3.302
3.621
3.204
3.296
3.908
3.357
3.530
3.299
3.259
3.284
3.524
5.062
3.552
3.287
3.300
3.363
3.303
3.234
3.331
3.853
3.186
3.285
3.279
3.639
3.348
3.445
3.233
3.289
3.549
3.250
3.275
3.465
3.293
3.332
4.186
3.332
3.247
3.291
3.308
3.326
3.285
3.321
3.377
3.257
3.202
5.112
3.358
3.230
3.356
3.995
3.299
3.439
3.479
3.327
3.320
3.406
3.306
3.490
3.304
3.301
3.335
4.223
3.309
3.268
3.839
3.300
3.242
3.465
3.269
3.397
3.315
3.350
3.413
3.467
3.225
3.233
4.300
3.237
3.317
4.097
3.253
3.268
3.528
3.501
3.335
3.321
3.333
3.469
3.306
3.247
3.339
3.970
3.226
3.378
5.181
3.253
3.252
3.313
3.258
3.442
3.404
3.305
3.313
3.296
3.230
3.413
4.069
3.306
3.278
3.463
4.088
3.364
3.339
3.254
3.244
3.279
3.241
3.462
3.257
3.187
3.355
4.078
3.247
3.275
3.359
3.256
3.351
3.339
5.104
3.345
3.327
3.233
3.370
3.363
3.313
3.327
3.913
3.360
3.249
3.497
3.289
3.314
3.329
5.050
3.340
3.321
3.246
3.360
3.279
3.567
3.625
3.863
3.195
3.288
3.567
3.326
3.327
3.391
3.272
4.193
3.285
3.326
3.402
3.291
3.297
3.306
4.170
3.228
3.332
3.277
3.220
3.615
3.403
3.276
4.187
3.335
3.250
3.533
3.564
3.313
3.347
3.926
3.303
3.267
3.478
3.319
3.242
5.873
3.288
3.304
3.302
3.531
3.267
3.285
3.299
3.395
2.288
3.322
5.106
3.419
3.399
3.357
3.246
3.302
3.357
3.258
3.440
3.320
3.357
3.425
3.343
3.262
3.299
3.291
3.242
3.475
3.329
3.340
3.385
3.310
3.310
3.705
3.384
3.343
3.370
3.418
3.316
3.411
3.505
3.241
3.283
3.284
3.474
3.346
3.258
3.382
3.987
3.359
3.374
3.567
3.774
3.243
3.393
5.142
3.262
3.392
3.266
3.397
3.504
3.346
3.441
3.550
3.311
3.187
3.451
3.585
3.338
3.366
3.231
3.236
3.274
3.321
3.405
3.392
3.304
3.274
3.506
3.267
3.358
3.339
3.411
3.275
3.320
3.838
3.352
3.279
3.325
3.383
3.350
3.280
3.391
3.504
3.456
3.273
3.332
3.337
3.259
3.326
5.114
3.462
3.277
3.233
3.267
3.325
3.323
3.362
3.533
3.315
3.414
3.424
3.494
3.291
3.428
3.257
3.307
3.281
3.317
3.300
3.283
3.339
3.247
3.473
3.352
3.303
3.429
3.527
3.264
3.283
3.307
3.351
3.396
3.243
3.511
3.347
3.274
3.332
3.706
3.284
3.377
3.378
3.338
3.303
3.282
3.324
3.335
3.337
3.326
3.390
3.302
3.304
3.260
3.399
3.326
3.316
3.367
3.445
3.242
3.346
3.393
3.370
3.310
3.401
3.367
3.442
3.528
3.309
3.619
3.342
3.267
3.327
3.428
3.303
3.275
3.325
3.249
3.316
3.345
3.542
3.279
3.323
3.333
3.665
3.328
3.270
3.314
3.328
3.258
3.359
3.447
3.412
3.272
3.308
3.394
3.401
3.314
3.355
3.332
3.326
3.351
3.327
3.519
3.264
3.362
3.276
3.317
3.404
3.241
3.394
3.314
3.284
3.322
3.652
3.289
3.230
3.293
3.464
3.353
3.331
3.288
3.252
3.391
3.305
3.480
3.467
3.291
3.240
3.607
3.302
3.240
3.335
3.379
3.255
3.282
3.535
3.471
3.363
3.308
3.468
3.326
3.259
3.350
3.465
3.280
3.278
3.266
3.444
3.243
3.332
3.570
3.320
3.287
3.354
3.404
3.282
3.366
3.357
3.589
3.431
3.257
3.509
3.396
