1.688
1.443
1.222
1.579
1.454
3.244
1.298
1.427
1.354
1.227
2.351
1.671
1.380
1.358
1.301
2.078
1.565
1.231
1.356
1.339
1.560
1.530
1.534
1.272
1.266
1.679
1.565
1.305
1.345
1.273
1.409
2.414
1.272
1.389
1.467
1.358
1.739
1.829
1.360
1.302
1.406
2.183
1.578
1.463
1.285
1.461
1.420
1.561
1.406
1.407
1.343
1.312
2.147
1.563
1.518
1.400
1.909
1.349
1.750
1.346
1.317
1.927
1.368
1.689
1.350
1.331
1.389
1.668
1.750
1.285
1.409
1.455
1.443
2.534
1.234
1.346
1.385
1.305
2.048
1.914
1.299
1.307
1.438
1.827
1.522
1.335
1.262
1.470
2.108
1.512
1.377
1.459
1.681
1.327
1.805
1.268
1.346
1.452
1.336
2.710
1.347
1.231
1.401
1.477
1.992
1.557
1.413
1.350
1.282
2.348
1.643
1.310
1.461
1.698
1.372
1.979
1.358
1.298
1.348
1.270
2.395
1.454
1.252
1.408
1.366
2.476
1.349
1.498
1.271
1.314
2.399
1.570
1.435
1.497
1.224
2.240
1.665
1.418
1.794
2.046
1.305
1.651
1.424
1.243
1.430
1.401
1.498
1.430
1.406
1.366
1.369
2.526
1.233
1.401
1.374
2.205
1.397
1.584
1.346
1.403
1.364
2.164
1.659
1.383
1.401
1.941
1.520
1.848
1.265
1.491
1.314
1.425
2.740
1.346
1.405
1.533
1.369
1.680
1.470
1.335
1.261
1.444
2.002
1.678
1.665
1.360
1.995
1.387
1.562
1.591
1.436
1.887
1.365
1.557
1.243
1.310
1.417
1.599
1.718
1.432
1.295
1.345
1.338
2.343
1.337
1.511
1.342
1.380
2.073
1.612
1.436
1.346
1.238
2.177
1.766
1.292
1.372
2.065
1.512
1.666
1.351
1.306
1.425
1.568
1.456
1.428
1.361
1.243
1.435
1.696
1.248
1.424
1.393
1.238
2.085
1.778
1.227
1.436
2.392
1.290
1.758
1.657
1.339
1.851
1.461
1.528
1.350
1.441
1.535
1.736
1.750
1.295
1.390
1.375
1.518
1.759
1.468
1.373
1.305
1.464
1.952
1.356
1.512
1.191
1.482
2.565
1.554
1.364
1.506
1.357
2.125
1.595
1.285
1.338
2.627
1.302
1.595
1.545
1.222
1.401
3.566
2.274
1.420
1.283
1.327
1.369
1.542
1.413
1.325
1.395
1.864
1.710
1.367
1.347
1.828
1.248
1.751
1.406
1.323
1.379
2.215
1.793
1.395
1.300
1.346
1.443
2.028
1.643
1.373
1.278
1.277
2.446
1.737
1.309
1.442
1.412
2.026
1.791
1.362
1.385
1.364
1.877
1.717
1.381
1.466
1.850
1.426
1.750
1.378
1.357
1.374
1.405
2.676
1.299
1.330
1.309
1.329
2.437
1.431
1.341
1.598
1.382
2.029
1.585
1.382
1.464
1.284
2.148
1.464
1.283
1.344
1.968
1.374
1.878
1.497
1.293
1.363
1.619
1.701
1.439
1.310
1.398
1.908
1.716
1.391
1.437
1.370
2.114
1.425
1.524
1.492
1.458
1.348
2.056
1.758
1.348
1.359
1.353
1.892
1.670
1.331
1.326
1.317
2.211
1.613
1.408
1.336
1.343
2.086
1.681
1.324
1.351
1.707
1.361
1.612
1.365
1.445
1.718
1.354
1.851
1.397
1.357
1.378
1.401
2.734
1.386
1.278
1.334
1.731
1.396
1.959
1.278
1.292
1.356
2.077
1.554
1.550
1.344
1.389
1.904
1.608
1.570
1.463
1.718
1.334
1.620
1.353
1.291
1.354
1.456
1.681
1.348
1.281
1.318
1.894
1.636
1.365
1.355
1.328
1.311
1.605
1.286
1.584
1.449
1.307
2.347
1.471
1.448
1.366
1.607
1.738
1.290
1.408
1.358
1.958
1.501
1.299
1.290
1.488
2.017
1.422
1.683
1.288
1.431
1.405
2.124
1.601
1.346
1.355
1.384
1.966
1.621
1.378
1.415
1.307
2.025
1.706
1.342
1.365
1.912
1.324
1.875
1.328
1.314
1.414
1.858
1.695
1.322
1.390
1.431
1.631
1.670
1.329
1.264
1.508
1.384
2.401
1.434
1.423
1.383
1.367
2.520
1.303
1.433
1.444
1.293
2.322
1.351
1.409
1.385
1.281
2.183
1.703
1.420
1.442
2.110
1.371
1.720
1.434
1.381
1.352
1.946
1.681
1.294
1.346
1.313
1.883
1.673
1.293
1.489
1.492
1.641
1.617
1.399
1.324
1.385
1.836
1.664
1.287
1.472
1.356
1.666
1.661
1.326
1.320
1.496
2.095
1.785
1.435
1.378
1.284
1.368
2.505
1.261
1.561
1.398
1.378
3.542
1.333
1.378
1.379
1.572
1.648
1.363
1.265
1.459
1.741
1.603
1.288
1.558
1.359
1.311
2.091
1.681
1.658
1.330
2.142
1.248
1.828
1.346
1.227
1.443
2.046
1.631
1.369
1.472
1.343
1.774
1.724
1.282
1.374
1.521
1.681
1.763
1.371
1.356
1.378
1.618
1.654
1.435
1.317
1.410
2.488
1.632
1.345
1.381
1.370
1.750
1.953
1.327
1.375
1.348
2.040
1.748
1.524
1.370
1.323
2.113
1.519
1.294
1.464
1.270
1.792
1.737
1.354
1.516
1.427
1.693
1.675
1.375
1.357
1.316
1.958
1.541
1.382
1.484
1.771
1.366
1.674
1.403
1.253
1.410
1.271
2.413
1.438
1.277
1.438
1.455
2.059
1.532
1.326
1.291
1.365
2.320
1.542
1.376
1.448
1.292
2.149
1.926
1.312
1.406
1.561
2.025
1.633
1.381
1.379
1.343
2.339
1.627
1.360
1.365
1.470
1.977
1.639
1.285
1.566
1.324
2.093
1.790
1.356
1.375
1.344
1.825
1.606
1.416
1.434
1.375
2.070
1.732
1.342
1.322
1.408
1.708
1.824
1.433
1.388
1.368
1.627
1.694
1.330
1.398
1.346
1.897
1.670
1.356
1.420
1.439
1.829
1.786
1.593
1.396
2.146
1.468
1.727
1.366
1.396
1.378
2.437
1.619
1.362
1.312
1.441
2.173
1.649
1.346
1.266
1.353
1.900
1.587
1.485
1.378
1.363
1.888
1.701
1.296
1.324
1.390
2.019
1.605
1.383
1.289
1.356
2.186
1.563
1.556
1.444
1.390
2.145
1.641
1.289
1.393
1.543
1.877
1.549
1.373
1.326
1.380
2.243
1.611
1.346
1.354
1.429
2.202
1.563
1.322
1.353
1.353
2.028
1.590
1.424
1.350
1.439
2.177
1.634
1.448
1.438
1.525
2.135
1.685
1.303
1.378
1.463
2.145
1.563
1.531
1.318
1.557
2.087
1.629
1.305
1.386
1.298
1.864
1.931
1.325
1.360
1.426
2.054
1.590
1.437
1.426
1.229
2.275
1.704
1.311
1.448
1.330
2.114
1.726
1.376
1.504
1.529
2.114
1.546
1.396
1.273
1.393
1.964
1.631
1.353
1.339
1.362
2.132
1.686
1.291
1.415
1.352
1.896
1.704
1.411
1.386
1.375
2.169
1.660
1.317
1.509
1.295
2.248
1.614
1.369
1.378
1.334
1.491
1.627
1.531
1.384
1.276
2.066
1.614
1.319
1.460
1.353
2.254
17.048
1.416
1.310
1.365
2.561
1.296
1.400
1.328
1.476
2.224
1.639
1.396
1.388
1.415
2.477
1.420
1.426
1.258
1.398
2.193
1.832
1.399
1.286
1.322
2.245
1.738
1.353
1.458
1.412
2.620
1.428
1.358
1.371
1.418
2.162
1.642
1.374
1.372
1.320
2.306
1.597
1.370
1.466
1.325
2.170
1.604
1.331
1.362
1.471
2.086
1.830
1.329
1.295
1.356
2.669
1.683
1.429
1.416
1.445
2.260
1.704
1.324
1.635
1.474
2.140
1.696
1.361
1.342
1.352
2.394
1.717
1.339
1.408
1.448
2.358
1.668
1.366
1.281
1.623
2.412
1.348
1.475
1.337
1.325
2.385
1.484
1.314
1.584
1.298
2.343
1.691
1.438
1.341
1.403
1.982
1.792
1.478
1.419
1.311
2.328
1.595
1.319
1.454
1.288
2.650
1.519
1.328
1.376
1.507
2.012
1.686
1.475
1.329
1.306
2.695
1.376
1.264
1.504
1.245
3.179
1.700
1.441
1.362
1.545
2.431
1.389
1.462
1.340
2.384
1.785
1.328
1.322
1.491
2.095
1.532
1.546
1.235
1.716
1.931
1.545
1.443
1.484
1.279
1.445
2.666
1.319
