2.318
1.426
1.624
3.328
1.400
1.780
1.749
1.397
1.509
1.694
2.329
1.512
1.724
1.437
1.577
1.684
5.261
1.452
1.902
1.422
1.521
1.689
3.411
1.415
1.624
1.526
1.458
1.647
1.396
2.442
1.620
1.379
1.503
1.802
1.342
3.299
1.632
1.540
1.369
1.693
1.467
3.356
1.629
1.401
1.464
1.847
1.415
3.279
1.745
1.420
1.495
1.704
1.415
3.908
1.623
1.412
1.432
1.720
1.349
1.555
2.563
1.470
1.477
1.594
1.422
1.514
2.542
1.500
1.414
1.728
1.388
1.506
2.533
1.414
1.384
1.675
1.330
1.503
1.732
1.357
1.430
1.810
1.428
1.534
3.087
1.415
1.555
1.659
1.388
3.220
1.694
1.436
1.414
1.715
1.370
2.410
1.712
1.506
1.385
1.712
1.439
2.519
1.899
1.434
1.386
1.822
3.256
1.529
1.719
1.398
1.388
1.684
3.554
1.569
1.632
1.484
1.441
3.319
1.374
1.495
1.713
1.399
3.204
1.648
1.355
1.673
1.755
1.378
2.348
1.721
1.458
1.422
1.767
1.377
1.603
1.703
1.400
1.490
1.703
3.296
1.439
1.699
1.396
1.500
3.531
1.414
1.390
1.799
1.396
3.275
1.815
1.410
1.731
1.738
3.169
1.588
1.616
1.570
1.472
1.764
2.562
1.567
1.709
1.397
1.386
4.087
1.398
1.455
1.771
1.361
2.246
1.676
1.381
1.617
1.717
2.215
1.436
1.712
1.413
1.475
3.349
1.740
1.471
1.677
1.408
3.401
1.628
1.387
1.561
1.803
3.425
1.425
1.697
1.397
3.282
1.722
1.479
1.432
1.806
2.226
1.469
1.683
1.507
1.399
3.348
4.196
1.383
1.474
1.874
1.383
2.283
1.799
1.536
1.410
3.721
1.363
1.495
1.762
1.413
3.314
1.786
1.361
1.464
1.738
5.054
1.436
1.785
1.341
3.249
1.776
1.404
1.372
1.899
2.187
1.511
1.823
1.316
2.347
1.807
1.355
1.438
1.747
2.244
1.481
1.803
1.313
3.369
1.780
1.344
1.565
3.334
1.395
1.588
1.793
1.424
2.268
1.749
1.370
1.553
3.260
1.414
1.380
1.775
3.205
1.449
1.764
1.424
1.460
2.647
1.375
1.538
1.724
3.222
1.570
1.722
1.376
3.478
1.781
1.402
1.422
1.849
2.279
1.394
1.884
1.446
3.263
1.685
1.390
1.431
3.311
1.411
1.391
1.723
1.409
1.519
1.824
1.449
1.451
2.665
1.413
1.405
1.838
3.271
1.404
1.726
1.389
3.286
1.725
1.409
1.484
3.511
1.440
1.455
1.738
1.555
2.371
1.810
1.467
1.445
3.846
1.553
1.437
1.801
3.227
1.474
1.754
1.351
3.292
1.740
1.442
1.518
3.288
1.468
1.451
1.701
3.411
1.470
1.734
1.443
3.322
1.732
1.364
1.481
3.361
1.486
1.540
1.829
2.212
1.468
1.741
1.332
3.361
1.743
1.418
1.458
3.263
1.524
1.438
1.730
2.293
1.384
1.924
1.352
3.288
1.726
1.392
1.503
3.280
1.354
1.449
1.794
3.216
1.550
1.824
1.459
3.447
1.795
1.413
1.384
3.404
1.419
1.549
2.058
3.234
1.495
1.801
1.432
3.226
1.744
1.359
1.477
3.326
1.452
1.437
1.798
2.224
1.442
1.825
1.482
3.268
1.729
1.380
1.501
3.275
1.413
1.608
1.752
2.236
1.445
1.811
1.412
3.345
1.828
1.310
1.400
3.335
1.453
1.437
1.831
2.246
1.507
1.837
1.395
3.250
1.726
1.356
1.454
3.344
1.429
1.467
1.810
2.213
1.538
1.733
1.388
3.329
1.785
1.296
1.537
3.317
1.373
1.472
1.875
3.309
1.512
1.783
1.355
2.247
1.729
1.357
1.524
3.329
1.364
1.455
1.746
3.229
1.507
1.738
1.564
2.323
1.850
1.344
1.616
3.299
1.380
1.478
1.718
2.349
1.405
1.761
1.326
2.327
1.875
1.426
1.629
3.377
1.480
1.382
1.775
3.287
1.434
1.798
1.422
2.309
1.862
1.359
1.396
3.278
1.423
1.414
2.059
2.199
1.376
1.803
1.325
3.274
1.965
1.625
1.488
2.634
1.408
1.422
1.800
3.222
1.541
1.933
1.316
2.273
2.016
1.324
1.458
3.300
1.426
1.640
1.865
2.235
1.457
1.811
1.360
3.274
2.042
1.332
1.383
3.304
1.400
1.422
1.880
2.184
15.702
1.927
1.442
2.306
2.130
1.365
3.298
1.985
1.381
1.420
3.394
1.379
1.542
1.816
2.182
1.479
1.804
1.381
2.407
1.964
1.450
1.378
2.672
1.357
1.429
1.866
2.216
1.402
1.945
3.203
1.491
1.844
1.438
3.313
1.858
1.318
1.475
3.391
1.454
1.386
1.884
3.217
1.512
1.920
1.346
2.398
1.805
1.378
1.562
3.267
1.625
1.390
1.921
1.944
1.466
1.848
1.452
2.345
1.879
1.350
3.306
1.880
1.355
1.437
3.545
1.591
1.466
1.861
3.176
1.497
1.900
1.416
3.339
1.802
1.359
1.555
2.649
1.375
1.496
1.870
2.265
1.568
1.880
1.358
2.312
1.788
1.437
1.497
2.879
1.466
1.485
3.300
1.418
1.485
1.843
2.254
1.565
1.914
1.395
2.246
1.826
1.380
1.467
2.685
1.369
1.525
1.841
2.258
1.427
1.795
1.358
2.344
1.838
1.541
3.241
1.852
1.370
1.473
3.276
1.595
1.453
1.762
3.199
1.537
1.847
1.469
2.232
1.939
1.383
3.305
1.820
1.392
1.423
3.449
1.501
1.468
1.941
3.178
1.536
1.845
1.382
3.328
2.187
1.368
1.449
2.701
1.372
1.585
1.815
2.235
1.506
1.906
3.223
1.534
1.840
1.359
3.344
1.857
1.504
1.415
3.336
1.389
1.556
1.791
2.302
1.465
1.839
1.352
2.241
1.830
1.399
1.449
2.697
1.350
1.419
3.356
1.436
1.368
1.964
3.223
1.490
2.097
1.364
2.308
1.927
1.318
1.479
3.335
1.418
1.501
3.629
1.427
1.481
1.844
3.185
1.638
1.832
1.452
3.250
1.870
1.377
1.516
3.433
1.426
1.494
1.829
2.248
1.514
1.962
1.375
2.474
1.826
1.369
3.191
1.930
1.352
1.422
3.500
1.389
1.570
1.839
3.220
1.407
1.852
1.380
3.303
1.841
1.414
1.462
2.787
1.360
1.500
1.849
2.243
1.568
1.874
3.280
1.380
1.993
1.402
3.519
1.876
1.369
1.385
3.302
1.427
1.371
1.932
3.245
1.588
1.867
3.180
1.480
1.810
1.451
3.323
1.930
1.359
1.527
3.282
1.393
1.510
1.973
3.224
1.627
1.823
1.339
2.342
1.859
1.359
1.456
2.899
1.389
1.415
3.281
1.380
1.463
1.968
3.229
1.673
1.916
1.365
2.380
1.832
1.478
1.450
2.796
1.396
1.426
3.587
1.340
1.545
1.800
3.264
1.415
1.812
1.471
3.223
1.825
1.409
1.401
3.364
1.562
1.416
1.752
2.159
1.458
1.817
1.519
2.306
2.126
1.383
3.229
1.773
1.504
1.472
3.409
1.421
1.709
1.770
3.253
1.481
1.829
1.448
2.313
2.201
1.428
3.348
1.851
1.580
1.465
3.547
1.371
1.486
1.813
3.320
1.400
1.919
1.402
2.284
2.180
1.459
3.272
1.775
1.499
1.489
3.549
1.397
1.522
1.809
2.176
1.512
1.760
1.432
2.369
1.820
1.363
3.360
1.922
1.389
1.511
3.387
1.496
1.426
1.756
2.272
1.446
1.840
1.479
2.396
1.832
1.628
3.297
1.831
1.409
1.496
3.396
1.516
1.440
1.797
2.216
1.403
1.813
1.354
3.414
1.757
1.548
3.283
1.775
1.510
1.450
3.569
1.512
1.467
1.836
3.204
1.444
1.840
1.387
3.542
1.944
1.460
1.423
2.687
1.484
1.446
1.796
1.401
1.484
1.866
3.223
1.507
1.783
1.409
3.303
1.836
1.442
1.425
2.745
1.395
1.592
3.566
1.399
1.412
1.896
2.282
1.486
1.934
1.371
3.379
1.807
1.451
1.601
2.880
1.396
1.492
1.827
2.566
1.583
1.770
3.242
1.448
1.827
1.366
18.104
1.844
1.410
3.346
2.217
1.405
1.674
3.621
1.409
1.532
1.852
3.304
1.483
1.921
1.597
2.326
1.774
1.410
1.620
2.807
1.422
1.550
3.469
1.378
1.400
1.889
3.529
1.476
