3.302
3.855
3.350
3.299
3.961
3.293
3.315
4.081
3.362
3.759
3.475
3.276
4.417
3.248
3.301
4.246
3.250
3.332
4.431
3.238
3.545
3.688
3.231
7.404
7.433
3.275
3.286
4.126
3.246
3.648
3.332
3.253
3.919
3.328
3.411
3.499
3.330
3.685
3.338
3.564
3.761
3.323
5.278
3.239
3.361
3.884
3.251
3.713
3.296
3.236
3.735
3.298
3.202
3.822
3.342
3.711
3.245
3.345
3.570
3.293
3.815
3.237
3.315
3.948
3.369
3.376
4.318
3.294
3.657
3.333
3.314
3.849
3.300
3.454
3.515
3.426
3.941
3.436
3.405
3.998
3.300
5.469
3.339
3.234
4.034
3.357
3.420
3.579
3.365
3.800
3.304
3.630
3.391
3.299
3.739
3.331
3.353
4.075
3.412
4.165
3.234
3.276
4.156
3.248
3.757
3.316
3.250
3.992
3.338
3.847
3.300
3.307
3.772
3.246
3.594
3.604
3.306
3.982
3.318
3.635
3.369
3.243
4.385
3.288
3.546
4.055
3.311
3.829
3.293
3.294
5.371
3.453
4.124
3.344
3.234
4.405
3.221
3.797
3.286
3.246
4.087
3.297
3.673
3.312
3.323
3.698
3.328
3.712
3.338
3.315
4.055
3.235
3.259
3.545
3.232
3.798
3.604
3.229
3.842
3.306
3.774
3.252
3.419
3.636
3.282
4.171
3.288
3.629
4.013
3.305
3.837
3.404
3.238
3.901
3.610
3.864
3.251
3.380
3.904
3.337
4.262
3.320
3.242
4.281
3.255
4.093
3.290
3.231
4.235
3.312
3.444
3.576
3.402
3.729
3.256
3.601
3.243
3.325
4.037
3.260
3.310
3.991
3.299
3.864
3.304
3.221
3.976
3.328
3.764
3.265
3.320
3.822
3.341
4.089
3.301
3.256
4.302
3.244
4.058
3.371
3.293
3.873
3.404
3.480
3.599
3.339
3.740
3.239
3.314
3.618
3.266
4.191
3.234
3.273
4.588
3.196
3.882
3.559
3.272
3.815
3.574
3.862
3.261
3.301
3.852
3.298
4.254
3.243
3.356
4.262
3.316
4.051
3.655
3.399
5.375
3.441
3.760
3.333
3.235
3.785
3.336
3.891
3.270
3.360
4.359
3.280
3.388
4.229
3.319
3.818
3.739
3.307
4.033
3.410
3.318
3.820
3.314
3.874
3.247
3.298
4.032
3.372
3.886
3.194
3.390
5.425
3.334
3.331
4.167
3.273
4.052
3.344
3.260
4.052
3.299
3.344
3.451
3.362
3.737
3.313
3.397
4.085
3.260
3.653
3.515
3.300
3.991
3.272
3.264
4.109
3.379
3.781
3.370
3.319
3.883
3.426
3.556
3.389
3.424
3.811
3.323
3.339
4.449
3.299
4.125
3.275
3.372
5.354
3.297
3.277
3.930
3.342
3.816
3.312
3.346
3.872
3.428
3.885
3.310
3.387
3.820
3.435
3.446
3.796
3.345
4.077
3.251
3.337
4.167
3.362
3.534
3.652
3.251
4.446
3.431
3.242
3.839
3.340
3.995
3.297
3.409
3.903
3.397
3.859
3.271
3.355
4.148
3.259
3.297
4.338
3.262
4.004
3.410
3.257
4.110
3.408
3.270
3.797
3.336
3.913
3.305
3.360
3.860
3.297
4.627
3.235
3.354
4.217
3.307
3.246
4.325
3.246
3.958
3.394
3.290
4.209
3.368
3.467
3.587
3.398
3.978
3.413
3.316
4.028
3.322
4.115
3.274
3.269
4.128
3.238
3.568
3.425
3.236
3.871
3.416
3.342
3.960
3.371
3.708
3.325
3.405
3.817
3.340
5.934
3.238
3.251
3.968
3.322
3.770
3.370
3.433
3.594
3.374
3.860
3.301
5.377
3.192
3.289
4.229
3.338
3.942
3.371
3.673
3.274
4.087
3.251
3.505
3.639
3.242
3.784
3.425
5.278
3.308
4.112
3.277
4.358
3.472
3.811
3.387
5.458
3.407
4.731
3.440
3.730
3.338
5.481
3.558
3.565
3.461
3.723
3.328
4.259
3.310
3.634
3.367
3.678
3.607
3.984
3.271
3.915
3.418
3.613
4.093
5.869
3.576
3.878
3.389
3.664
3.400
5.216
3.348
3.308
4.737
3.426
3.997
3.385
6.059
4.357
3.305
3.908
3.286
4.253
3.466
3.839
3.434
5.467
3.259
3.673
3.380
3.618
3.367
4.108
3.318
3.729
3.386
3.496
3.585
3.981
3.221
3.453
3.426
3.260
4.264
3.449
4.158
3.392
4.110
3.291
3.769
3.392
4.018
3.293
3.807
3.256
3.689
3.325
3.642
3.314
4.391
3.254
3.706
3.359
3.579
3.374
4.108
3.255
4.066
3.463
3.249
4.136
3.395
4.101
3.332
3.980
3.384
3.746
3.298
3.723
3.353
3.926
3.565
3.749
3.338
4.078
3.355
3.967
3.303
3.689
3.328
3.630
3.357
4.071
3.299
3.631
3.335
5.114
3.357
5.108
3.365
3.383
4.198
3.588
4.139
3.346
3.573
3.307
3.995
3.239
3.642
3.464
3.609
3.305
4.101
3.330
3.690
3.362
3.643
3.561
3.941
3.381
3.707
3.380
3.520
3.353
3.844
3.274
3.288
4.616
3.345
4.112
3.465
3.645
3.309
4.208
3.259
3.989
3.334
3.352
3.322
4.127
3.233
3.408
3.390
3.804
3.305
3.752
3.224
3.418
3.390
3.599
3.339
3.748
3.246
5.222
3.332
3.346
4.218
3.355
3.512
3.413
4.188
3.320
3.700
3.285
3.555
3.286
5.380
3.267
3.543
3.330
3.581
3.534
3.825
3.364
3.579
3.313
3.779
3.328
3.783
3.347
3.951
3.346
3.609
3.268
3.290
4.224
3.260
4.484
3.267
3.648
3.337
3.556
3.357
3.798
3.267
3.440
3.318
3.565
3.337
3.992
3.327
3.454
3.321
3.606
3.393
3.902
3.325
3.482
3.322
3.695
3.282
4.424
3.184
3.247
4.199
3.241
4.139
3.284
3.576
3.297
4.288
3.289
3.426
3.329
3.987
3.272
4.155
3.221
3.600
3.304
3.582
3.403
3.793
3.242
3.644
3.287
3.473
3.306
3.952
3.349
5.106
3.443
3.545
4.092
3.317
3.613
3.279
3.859
3.246
3.615
3.377
3.494
3.399
3.936
3.235
3.809
3.286
3.653
3.256
3.990
3.195
3.586
3.421
3.636
3.256
3.778
3.255
3.496
3.294
3.516
3.230
5.243
3.203
3.235
4.124
3.411
3.493
3.368
3.433
3.302
3.878
3.288
3.591
3.332
3.673
3.495
3.884
3.291
3.459
3.322
3.472
3.271
4.017
3.225
3.578
3.301
3.664
3.279
3.906
3.348
3.256
4.280
3.270
4.258
3.472
3.525
3.242
4.135
3.305
3.463
3.380
3.700
3.269
3.904
3.222
3.467
3.422
3.564
3.259
4.223
3.354
3.659
3.250
3.605
3.303
3.863
3.272
3.441
3.346
3.659
3.255
5.418
3.244
3.706
3.443
5.058
3.250
3.412
4.155
3.328
3.811
3.243
3.601
3.317
3.526
3.250
3.933
3.235
3.559
3.364
3.606
3.333
3.904
3.305
3.663
3.296
3.615
3.387
3.924
3.280
3.518
3.490
3.529
3.257
3.918
3.234
4.199
3.385
3.333
3.374
3.490
4.234
3.370
4.268
3.225
3.636
3.302
3.517
3.379
3.884
3.193
3.795
3.279
3.785
3.284
4.052
3.284
3.467
3.296
3.610
3.344
3.836
3.236
3.570
3.295
3.494
3.338
3.847
3.247
3.578
3.326
3.372
3.314
3.313
4.081
3.324
4.228
3.247
3.744
3.413
3.691
3.256
3.883
3.236
3.604
3.408
3.648
3.249
3.929
3.260
3.502
3.298
3.598
3.322
3.870
3.229
3.609
3.291
3.428
3.325
3.864
3.203
3.593
3.310
3.402
3.267
3.313
4.146
3.256
4.167
3.308
3.747
3.278
3.645
3.350
3.933
3.348
3.641
3.373
3.640
3.320
3.899
3.350
3.697
3.340
3.495
3.338
4.001
3.306
3.635
3.438
3.702
3.374
3.953
3.314
3.607
3.294
3.553
3.277
3.743
3.307
3.690
3.343
5.102
3.283
3.451
3.298
3.405
4.246
3.271
3.524
3.429
3.504
3.463
4.098
3.473
4.076
3.399
3.489
3.356
3.828
3.330
3.903
3.421
3.496
3.410
3.835
3.306
3.615
3.348
3.698
3.372
4.354
3.328
3.651
3.391
3.467
3.471
4.101
3.309
3.605
3.489
3.366
3.418
5.149
3.320
3.410
4.354
3.453
4.924
