1.386
3.356
1.277
1.373
1.729
1.393
1.249
1.612
3.026
1.549
1.683
1.290
1.400
1.696
1.321
1.404
2.838
1.325
1.509
1.629
1.317
1.381
1.780
2.440
1.369
1.585
1.352
1.246
1.650
1.304
2.453
1.887
1.283
1.344
1.772
1.257
1.351
3.102
1.398
1.361
1.750
1.444
1.309
1.728
3.021
1.498
1.733
1.427
1.237
1.686
1.328
1.359
2.694
1.360
1.305
1.769
1.312
1.513
1.668
2.418
1.552
1.728
1.373
1.364
1.693
1.364
2.360
1.786
1.442
1.352
1.904
1.387
1.302
3.289
1.587
1.318
1.713
1.347
1.328
1.665
1.369
2.400
1.574
3.275
1.261
1.397
1.463
1.319
2.390
1.392
1.418
1.260
1.284
1.380
1.401
2.358
1.276
1.420
1.341
1.279
1.322
1.378
2.429
1.412
1.384
1.317
1.361
1.322
1.259
3.275
1.525
1.281
1.383
1.265
1.308
1.272
1.505
2.399
1.395
1.340
1.294
1.220
1.392
1.295
2.469
1.295
1.459
1.439
1.284
1.326
1.363
2.171
1.406
1.348
1.402
1.288
1.277
1.383
1.289
1.423
1.331
1.312
1.311
1.320
1.317
1.297
2.425
1.335
1.286
1.462
1.347
1.473
1.369
3.129
1.661
1.350
1.335
1.291
1.396
1.328
3.040
1.528
1.283
1.225
1.479
1.464
1.437
1.318
1.330
1.327
1.274
1.411
1.269
1.374
1.339
2.323
1.344
1.294
1.300
1.413
1.261
1.309
2.581
1.281
1.306
1.315
1.277
1.292
1.565
2.360
1.326
1.451
1.361
1.350
1.277
1.324
3.094
1.522
1.291
1.301
1.344
1.334
1.374
1.447
2.482
1.277
1.454
1.251
1.356
1.353
1.379
2.311
1.406
1.317
1.213
1.411
1.283
1.400
2.314
1.270
1.261
1.462
1.326
1.327
1.420
1.284
2.387
1.339
1.279
1.271
1.362
1.330
1.290
2.497
1.257
1.260
1.421
1.316
1.237
1.384
2.277
1.312
1.489
1.260
1.340
1.332
1.305
3.284
1.565
1.424
1.260
1.402
1.269
1.300
2.997
1.575
1.222
1.326
1.372
1.266
1.441
3.193
1.465
1.358
1.278
1.327
1.373
1.445
3.030
1.502
1.294
1.355
1.332
1.437
1.260
3.070
1.530
1.366
1.317
1.271
1.365
1.340
3.026
1.426
1.323
1.339
1.455
1.403
1.329
1.282
2.437
1.311
1.237
1.383
1.330
1.358
1.378
2.398
1.409
1.400
1.296
1.467
1.321
1.276
2.200
1.561
1.291
1.316
1.393
1.308
1.314
3.048
1.466
1.234
1.472
1.320
1.284
1.363
1.370
2.383
1.336
1.391
1.245
1.396
1.399
1.265
2.659
1.393
1.315
1.345
1.310
1.394
1.319
2.333
1.640
1.410
1.361
1.319
1.322
1.429
2.274
1.387
1.280
1.297
1.458
1.291
1.303
3.043
1.439
1.359
1.362
1.296
1.378
1.286
2.528
1.243
1.338
1.312
1.318
1.330
1.327
2.359
1.348
1.272
1.352
1.360
1.326
1.293
2.995
1.438
1.358
1.355
1.319
1.226
1.546
1.374
2.276
1.463
1.295
1.381
1.366
1.255
1.383
2.393
1.375
1.392
1.336
1.253
1.378
1.306
2.362
1.246
1.446
1.314
1.467
1.391
1.271
2.996
1.641
1.343
1.236
1.377
1.291
1.368
1.402
2.475
1.478
1.553
1.375
1.266
1.348
1.391
2.348
1.363
1.356
1.319
1.329
1.338
1.352
2.365
1.263
1.224
1.392
1.280
1.329
1.378
2.468
1.476
1.341
1.314
1.330
1.315
1.320
3.157
1.479
1.309
1.361
1.394
1.268
1.363
3.002
1.428
1.303
1.423
1.249
1.326
1.569
3.071
1.420
1.345
1.415
1.304
1.318
1.267
2.436
1.418
1.399
1.331
1.370
1.408
1.414
2.267
1.384
1.338
1.334
1.325
1.231
1.449
3.112
1.528
1.356
1.273
1.337
1.536
1.398
2.995
1.613
1.329
1.291
1.339
1.445
1.269
3.082
1.524
1.304
1.303
1.438
1.221
1.420
1.271
1.574
1.384
1.253
1.341
1.340
1.295
1.274
2.403
1.385
1.467
1.359
1.280
1.294
1.414
2.429
1.381
1.607
1.301
1.314
1.464
1.280
2.341
1.319
1.302
1.355
1.363
1.279
1.317
2.347
1.340
1.329
1.334
1.407
1.322
1.343
3.038
1.622
1.376
1.314
1.303
1.323
1.261
2.992
1.505
1.270
1.299
1.467
1.317
1.262
3.262
1.457
1.356
1.315
1.315
1.308
1.350
3.045
1.543
1.336
1.409
1.251
1.350
1.467
2.989
1.548
1.272
1.337
1.458
1.260
1.337
2.270
1.337
1.428
1.376
1.329
1.344
1.355
1.243
1.387
1.399
1.375
1.254
1.440
1.370
1.330
2.386
1.264
1.306
1.423
1.422
1.457
1.384
2.337
1.254
1.392
1.250
1.259
1.340
1.407
3.336
1.533
1.294
1.592
1.309
1.284
1.338
2.384
1.334
1.242
1.378
1.368
1.297
1.362
3.067
1.438
1.653
1.276
1.374
1.333
1.313
3.064
1.425
1.331
1.527
1.679
1.393
1.362
3.133
1.710
1.330
1.610
1.362
1.341
1.571
3.039
1.534
1.624
1.366
1.352
1.666
1.348
3.231
1.847
1.472
1.311
1.610
1.401
1.311
3.423
1.282
1.490
1.726
1.321
1.336
1.886
2.401
1.323
1.883
1.455
1.288
1.852
1.396
2.404
1.670
1.389
1.296
1.760
1.430
1.260
3.146
1.290
1.296
1.625
1.383
1.361
1.736
2.487
1.338
1.649
1.333
1.588
1.716
1.301
2.354
1.665
1.387
1.306
1.655
1.340
1.315
3.135
1.368
1.487
1.951
1.368
1.333
1.753
3.040
1.478
1.756
1.274
1.290
1.704
1.372
2.127
1.841
1.392
1.368
1.647
1.381
1.348
3.180
1.489
1.412
1.693
1.246
1.398
1.698
3.008
1.596
1.767
1.468
1.233
1.764
1.692
2.302
1.617
1.349
1.244
1.737
1.369
1.363
3.261
1.443
1.454
1.611
1.424
1.408
1.748
2.401
1.287
1.661
1.302
1.260
1.726
1.311
2.307
1.833
1.283
1.320
1.854
1.436
1.312
3.099
1.235
1.335
1.750
1.384
1.367
1.645
2.433
1.286
1.703
1.270
1.309
1.707
1.321
2.322
1.589
1.402
1.308
1.775
1.257
1.509
3.160
1.280
1.260
1.758
1.298
1.369
1.651
2.392
1.524
1.663
1.437
1.254
1.723
1.362
2.339
1.611
1.396
1.365
1.712
1.349
1.260
3.423
1.318
1.458
1.594
1.333
1.343
1.621
1.569
1.353
1.903
1.317
1.270
1.752
1.361
1.349
1.815
1.356
1.459
1.707
1.270
1.483
2.770
1.350
1.320
1.724
1.323
1.240
1.738
2.526
1.264
1.750
1.406
1.306
1.940
1.351
2.359
1.705
1.362
1.368
1.619
1.271
1.309
2.153
1.557
1.280
1.741
1.423
1.288
1.702
1.341
1.414
1.696
1.299
1.403
1.614
1.309
2.402
1.595
1.281
1.358
1.797
1.341
1.362
2.956
1.355
1.269
1.629
1.272
1.312
1.617
1.410
1.313
1.715
1.382
1.393
1.691
1.409
2.444
1.761
1.393
1.331
1.764
1.362
2.995
1.941
1.796
2.496
1.518
1.403
1.304
3.077
1.814
1.305
1.281
1.459
1.356
1.291
2.438
1.440
1.220
1.328
1.452
1.295
1.374
2.379
1.333
1.361
1.315
1.378
1.406
1.333
3.311
1.418
1.282
1.452
1.343
1.274
1.252
1.690
1.304
1.550
1.422
1.292
1.377
1.333
1.386
1.277
1.338
1.311
1.257
1.403
1.398
1.291
1.365
1.363
1.377
1.309
1.343
1.358
1.393
1.268
1.323
1.427
1.256
1.342
1.362
1.259
1.381
1.489
1.342
1.260
1.357
3.036
1.398
1.297
1.490
1.316
1.304
1.290
1.424
1.362
1.283
1.368
1.372
1.380
1.337
1.299
1.424
1.235
1.359
1.370
1.290
1.337
1.345
1.397
1.345
1.373
1.282
1.441
1.282
1.507
1.399
1.263
1.354
1.390
1.272
3.105
1.635
1.304
1.403
1.406
1.284
1.236
2.429
1.259
1.331
1.419
1.338
1.242
1.365
3.079
1.485
1.497
1.472
1.312
1.375
1.325
2.244
1.419
1.450
1.233
1.360
1.287
1.302
2.438
