2.061
3.320
1.796
1.858
3.489
1.859
3.317
2.131
1.816
3.696
2.035
2.440
2.251
2.041
3.212
1.862
2.316
2.056
1.925
3.456
2.018
1.970
3.688
1.800
3.298
2.351
1.947
3.631
2.105
2.566
2.189
1.955
3.651
2.229
2.604
2.048
1.909
3.529
1.992
2.050
3.928
1.808
3.327
2.350
1.762
3.376
2.136
3.314
2.165
1.975
3.258
1.871
2.207
2.090
1.850
3.367
2.140
1.832
3.372
1.917
3.384
2.450
1.779
3.386
2.077
1.752
3.977
2.051
3.413
1.865
1.983
3.529
2.056
3.419
1.840
1.873
3.742
1.762
2.540
2.145
1.910
3.615
1.957
2.421
2.105
2.014
3.240
17.087
3.506
2.133
1.847
3.721
1.813
2.539
2.249
1.793
3.796
2.243
2.496
2.466
2.054
3.302
1.988
2.387
2.083
1.930
3.353
2.189
1.881
3.602
1.867
3.311
2.502
1.738
3.311
2.046
2.063
2.249
1.970
3.530
1.928
2.016
3.703
2.056
3.338
1.894
1.921
3.237
1.824
3.296
2.413
1.862
3.529
1.995
2.181
2.079
2.015
3.288
1.962
2.265
2.118
1.776
3.310
2.279
1.793
4.125
1.756
2.626
2.296
1.771
3.325
2.281
2.317
2.152
2.008
3.632
2.082
2.364
2.146
1.871
3.392
2.217
1.852
3.479
1.899
3.467
2.457
1.681
3.312
2.000
2.232
2.289
2.131
3.315
1.789
2.151
3.646
1.929
3.377
1.877
1.964
2.321
1.800
3.391
2.629
1.759
3.481
2.039
2.451
2.132
1.959
3.294
2.139
3.367
2.348
1.963
3.434
1.984
2.474
2.333
1.811
3.568
2.091
1.930
3.982
2.177
3.296
1.898
1.975
3.787
1.838
3.346
1.830
1.928
3.838
1.843
3.421
2.395
1.832
3.655
1.983
3.933
3.624
1.921
3.677
1.846
3.308
2.205
1.903
3.496
2.011
3.440
1.902
1.877
3.876
2.034
3.352
2.020
1.813
3.552
1.819
2.498
2.019
1.926
4.136
2.090
3.554
1.939
1.955
3.404
1.903
3.819
1.969
1.908
3.860
1.962
3.268
1.998
1.893
3.643
2.058
3.365
2.211
1.967
3.660
1.902
2.784
2.176
1.975
3.331
1.940
2.512
2.566
1.874
3.512
1.932
1.915
3.137
1.917
3.633
1.891
1.853
3.721
1.861
3.624
2.059
1.962
2.249
1.985
3.322
2.435
1.825
3.772
1.903
3.395
2.025
1.906
3.833
1.785
3.387
2.003
1.951
3.802
1.865
3.314
1.976
1.862
3.744
2.037
3.377
1.893
2.396
2.095
1.862
3.942
1.986
1.844
3.262
1.869
3.532
2.025
1.957
2.329
1.904
3.397
1.975
1.854
3.691
1.827
3.467
2.298
1.801
3.868
1.949
3.437
2.315
2.033
3.346
1.913
3.613
1.982
2.003
3.720
1.896
3.314
1.911
1.845
3.835
1.847
3.603
2.226
2.229
2.278
1.894
3.566
1.930
1.906
3.457
1.937
3.316
2.171
1.815
3.872
2.061
3.370
2.073
1.974
3.706
1.914
3.374
2.401
1.917
2.103
1.826
3.580
2.345
1.868
4.052
1.883
3.302
2.379
1.852
4.163
2.117
3.422
2.190
1.950
3.511
1.964
3.411
2.184
1.851
3.531
1.982
3.331
2.219
1.893
3.692
2.008
3.690
1.930
1.948
3.868
2.037
3.423
1.934
2.087
2.274
1.976
3.304
2.092
1.928
2.166
1.939
3.605
2.021
2.017
2.346
1.823
3.568
1.998
1.859
3.775
2.145
3.517
2.064
2.251
2.196
1.918
3.730
1.953
2.200
2.250
1.957
3.894
2.051
1.808
3.862
1.898
3.319
2.011
1.904
3.667
2.072
3.347
1.811
2.284
2.255
1.902
3.474
2.199
2.128
2.322
2.019
3.559
2.135
1.930
3.633
1.982
3.367
1.855
1.970
3.872
1.827
3.431
2.010
2.240
2.289
1.920
3.384
1.998
2.530
2.206
2.012
3.603
2.000
1.872
3.782
1.816
3.455
1.991
2.443
2.185
1.924
3.362
1.938
2.174
3.377
1.918
3.292
1.810
2.605
2.278
2.029
3.467
2.042
2.253
2.326
1.790
3.319
1.948
2.093
2.180
1.973
3.275
2.005
1.869
3.929
1.930
3.335
1.953
1.908
2.160
1.933
3.573
2.005
1.887
3.634
2.082
3.291
2.134
2.526
2.285
1.867
3.810
2.032
2.241
2.255
1.948
3.303
2.095
1.900
2.952
1.964
3.346
1.970
2.427
2.281
1.874
3.391
1.860
3.896
3.537
2.097
3.267
2.079
2.638
2.143
1.906
3.356
2.079
2.490
2.177
1.779
3.341
1.849
2.700
2.231
1.931
3.364
2.049
2.530
2.028
1.894
3.283
1.947
2.511
2.346
1.831
3.303
1.946
1.862
3.791
1.925
3.332
1.952
2.239
2.359
1.861
3.412
1.857
2.709
2.253
1.825
3.487
1.974
3.353
2.455
1.796
3.622
2.056
3.383
2.393
1.981
3.637
1.868
3.354
2.210
1.822
3.371
2.026
3.333
1.922
2.125
2.240
1.910
3.290
1.971
2.448
2.284
1.843
3.685
2.258
2.178
2.338
1.882
3.304
2.000
2.580
2.263
2.031
3.311
1.872
2.346
2.189
1.900
3.663
1.935
2.670
2.193
1.944
3.287
2.005
2.425
2.354
2.012
3.397
1.842
2.635
2.146
1.918
3.445
1.902
2.556
2.273
1.911
3.266
2.104
2.673
2.097
1.886
3.344
1.944
2.438
2.307
1.905
3.300
1.839
2.484
2.223
1.847
3.737
2.114
2.661
2.140
1.877
3.349
1.871
3.323
2.326
1.845
3.453
2.040
2.459
2.351
1.835
3.321
1.877
2.305
2.237
1.924
3.351
1.889
3.382
2.317
1.916
3.656
2.091
3.423
1.958
2.344
2.041
1.977
3.384
1.833
2.506
2.096
1.848
3.373
2.019
2.489
2.337
1.866
3.336
1.944
2.359
2.117
1.977
3.425
2.003
3.320
2.283
1.776
3.479
1.907
3.359
2.274
1.934
19.050
2.057
3.409
2.011
2.790
2.302
1.828
3.413
1.849
3.384
1.920
2.098
2.166
1.956
3.492
1.924
2.635
2.094
1.894
3.402
1.988
3.301
2.200
1.973
3.288
1.960
2.606
2.290
2.015
3.773
1.954
3.352
2.031
2.060
3.912
1.751
3.265
2.151
2.250
2.068
2.141
3.147
2.014
3.617
2.161
1.871
3.511
1.914
3.345
2.507
1.900
3.426
2.126
2.412
2.356
2.053
3.638
1.935
3.575
1.819
2.184
2.414
1.946
3.312
2.116
2.077
2.237
2.210
3.282
1.899
3.360
2.258
1.904
3.615
1.889
3.306
2.577
1.849
3.630
2.120
3.451
1.926
3.389
2.273
1.988
3.457
2.011
2.306
2.497
1.795
3.469
2.166
2.373
2.420
2.221
3.702
1.971
3.335
1.943
1.831
4.107
1.814
3.350
2.209
2.410
2.121
2.197
3.252
1.957
3.399
2.252
1.853
3.524
1.887
3.370
2.243
1.956
2.252
2.037
3.244
1.909
3.370
1.999
1.968
3.436
1.799
2.978
3.273
1.787
3.642
2.190
3.611
1.981
2.657
2.116
1.786
3.487
1.911
2.107
3.337
1.837
3.389
2.090
2.688
2.074
2.087
3.248
1.946
3.340
1.984
2.196
3.324
1.804
3.564
2.108
2.615
2.072
2.216
3.250
2.014
3.457
2.067
1.983
3.793
1.844
3.365
2.413
2.724
2.216
2.063
3.225
1.943
2.709
2.131
1.773
3.469
1.862
2.772
3.457
1.863
3.327
2.209
3.263
2.277
2.149
3.569
2.089
3.479
1.953
3.414
2.538
1.804
3.599
2.286
3.306
2.232
2.144
3.461
2.042
3.449
2.022
3.259
2.627
1.801
3.289
2.415
3.310
2.253
2.088
3.576
1.975
3.380
1.904
2.683
3.292
1.942
3.319
2.102
2.620
2.242
2.075
3.443
2.005
3.341
2.390
1.908
3.757
2.044
3.272
2.366
2.124
1.857
2.128
2.174
1.895
3.370
1.926
2.028
3.355
1.824
3.427
2.082
3.360
2.278
3.358
3.717
2.361
3.453
1.963
2.762
3.382
1.901
3.735
2.514
3.284
1.870
2.681
2.182
1.819
3.545
1.898
5.293
8.062
4.993
3.352
3.861
4.658
2.669
5.756
4.438
3.283
4.666
3.695
3.697
4.084
4.469
3.273
5.825
4.167
5.519
2.822
2.140
