1.284
1.413
1.498
1.382
1.322
1.295
1.291
2.296
1.406
1.355
1.222
1.301
1.247
1.282
1.448
1.352
1.399
1.294
1.345
1.194
1.324
1.280
2.290
1.315
1.246
1.217
1.421
1.296
1.331
1.254
2.345
1.465
1.301
1.345
1.258
1.378
1.251
3.057
1.336
1.330
1.242
1.498
1.281
1.276
1.348
1.358
1.316
1.256
1.298
1.355
1.251
1.299
3.027
1.444
1.317
1.371
1.402
1.276
1.413
1.270
2.301
1.327
1.328
1.289
1.194
1.302
1.288
1.366
2.319
1.250
1.237
1.360
1.316
1.306
1.289
3.034
1.337
1.316
1.437
1.244
1.419
1.234
2.945
1.442
1.237
1.267
1.356
1.352
1.386
1.318
2.321
1.216
1.239
1.269
1.264
1.476
1.264
1.211
2.648
1.384
1.217
1.347
1.357
1.278
1.343
3.283
1.290
1.249
1.240
1.247
1.310
1.216
1.219
2.340
1.236
1.279
1.286
1.377
1.352
1.258
1.341
1.254
1.353
1.233
1.365
1.265
1.275
1.246
3.036
1.518
1.249
1.372
1.263
1.303
1.327
1.293
2.472
1.273
1.282
1.314
1.258
1.380
1.272
2.317
1.348
1.215
1.416
1.257
1.273
1.370
1.322
2.195
1.482
1.298
1.292
1.276
1.327
1.281
3.009
1.285
1.323
1.323
1.306
1.199
1.362
1.214
1.333
1.284
1.326
1.232
1.444
1.228
1.210
2.275
1.393
1.239
1.331
1.346
1.212
1.417
1.272
2.234
1.337
1.290
1.297
1.245
1.354
1.315
3.062
1.465
1.405
1.302
1.275
1.299
1.362
1.248
2.196
1.549
1.223
1.669
1.257
1.237
1.206
1.435
1.840
1.300
1.419
1.233
1.360
1.247
1.366
2.263
1.311
1.290
1.302
1.291
1.254
1.460
3.071
1.638
1.213
1.353
1.350
1.317
1.412
1.218
2.297
1.327
1.241
1.297
1.293
1.324
1.329
2.972
1.391
1.312
1.310
1.233
1.296
1.320
1.240
2.264
1.355
1.350
1.268
1.294
1.500
1.311
1.286
2.269
1.369
1.462
1.337
1.200
1.311
1.238
2.985
1.561
1.258
1.306
1.359
1.359
1.224
1.353
2.224
1.266
1.379
1.277
1.285
1.348
1.397
2.317
1.332
1.330
1.204
1.367
1.355
1.257
2.295
1.332
1.316
1.307
1.289
1.291
1.387
1.334
2.351
1.334
1.248
1.325
1.298
1.233
1.286
3.047
1.291
1.250
1.436
1.387
1.481
1.317
2.987
1.360
1.280
1.236
1.309
1.325
1.367
1.242
3.070
1.307
1.299
1.362
1.231
1.358
1.301
1.310
2.251
1.385
1.353
1.221
1.363
1.272
1.209
3.069
1.478
1.177
1.395
1.412
1.243
1.301
1.233
2.267
1.316
1.337
1.337
1.290
1.346
1.300
3.172
1.346
1.251
1.355
1.242
1.349
1.333
3.113
1.380
1.293
1.396
1.325
1.260
1.554
1.201
1.544
1.242
1.215
1.365
1.267
1.265
1.374
1.229
1.260
1.368
1.382
1.353
1.461
1.349
2.072
1.329
1.219
1.217
1.563
1.436
1.278
1.333
2.206
1.210
1.469
1.246
1.288
1.372
1.250
2.268
1.348
1.269
1.223
1.447
1.264
1.298
1.299
2.275
1.375
1.406
1.226
1.205
1.390
1.317
3.032
1.387
1.312
1.354
1.372
1.248
1.271
1.377
2.407
1.225
1.350
1.191
1.308
1.622
1.291
2.956
1.777
1.306
1.256
1.618
1.245
1.234
3.437
1.216
1.302
1.715
1.460
1.340
1.595
1.305
1.252
1.590
1.312
1.230
1.774
1.467
2.950
1.722
1.361
1.357
1.650
1.285
1.286
1.636
2.281
1.257
1.758
1.268
1.325
1.840
1.351
2.127
1.618
1.426
1.219
1.751
1.326
1.352
1.565
2.348
1.331
1.709
1.371
1.252
1.732
1.380
2.165
1.762
1.319
1.338
1.649
1.287
1.326
1.663
2.233
1.479
1.763
1.360
1.268
1.624
1.434
2.330
1.704
1.380
1.305
1.642
1.368
1.285
2.815
1.303
1.222
1.701
1.240
1.371
1.707
2.390
1.253
1.648
1.250
1.348
1.599
1.417
1.255
1.597
1.305
1.297
1.642
1.249
1.225
1.626
1.302
1.205
1.844
1.298
1.277
1.871
2.297
1.305
1.587
1.387
1.332
1.777
1.246
1.286
2.594
1.339
1.394
1.637
1.487
1.287
1.590
2.253
1.255
1.751
1.338
1.267
1.615
1.296
1.301
1.667
1.240
1.458
1.596
1.249
1.232
1.621
2.449
1.328
1.956
1.352
1.265
1.612
1.343
2.948
2.422
1.312
1.296
1.711
1.411
1.241
1.700
1.313
1.394
1.641
1.308
1.240
1.570
1.354
1.290
1.619
1.375
1.302
1.684
1.308
1.284
1.680
1.231
1.229
1.678
1.431
1.268
3.465
1.323
1.395
1.612
1.312
1.268
1.633
1.444
1.233
1.695
1.239
1.270
1.607
1.310
1.284
1.590
1.328
1.293
1.753
1.384
2.969
1.680
1.309
1.228
1.778
2.268
1.287
2.735
1.356
1.293
1.687
1.308
1.328
1.617
3.051
1.351
1.668
1.310
1.281
1.927
1.319
1.211
2.901
1.334
1.313
1.596
1.321
1.226
1.565
2.294
1.205
1.646
1.287
1.332
1.606
1.249
1.371
2.718
1.374
1.242
1.735
1.363
1.241
1.607
2.370
1.376
1.628
1.367
1.325
1.675
1.412
2.241
1.652
1.358
1.227
1.605
1.936
1.901
5.695
1.791
2.047
2.318
1.922
1.702
3.143
1.830
1.926
2.194
1.842
1.757
5.884
2.316
1.302
1.730
1.934
1.734
6.758
1.439
1.329
1.306
1.281
1.340
1.199
2.268
1.323
1.347
1.405
1.565
1.298
1.310
1.242
2.236
1.303
1.340
1.287
1.369
1.239
1.279
2.465
1.293
1.207
1.357
1.328
1.422
1.351
2.981
1.298
1.507
1.548
1.295
1.309
1.307
1.306
2.261
1.339
1.279
1.291
1.245
1.239
1.367
2.205
1.316
1.334
1.364
1.269
1.415
1.332
3.011
1.387
1.262
1.241
1.318
1.313
1.314
3.132
1.397
1.284
1.290
1.294
1.372
1.313
1.236
1.280
1.453
1.226
1.210
1.316
1.227
1.209
2.340
1.306
1.314
1.285
1.254
1.304
1.365
2.303
1.233
1.332
1.350
1.230
1.693
1.423
2.173
1.355
1.295
1.329
1.283
1.270
1.309
1.349
2.245
1.323
1.279
1.270
1.347
1.339
1.331
2.357
1.396
1.338
1.311
1.262
1.227
1.225
2.292
1.372
1.286
1.358
1.580
1.252
1.303
2.997
1.431
1.350
1.268
1.278
1.327
1.321
1.195
2.332
1.302
1.292
1.310
1.280
1.209
1.330
2.244
1.229
1.243
1.254
1.314
1.340
1.393
2.954
1.392
1.338
1.234
1.437
1.352
1.305
2.979
1.309
1.361
1.325
1.265
1.333
1.313
2.982
1.511
1.292
1.298
1.280
1.386
1.358
1.265
2.353
1.352
1.393
1.376
1.335
1.379
1.309
1.970
1.310
1.311
1.268
1.283
1.323
1.247
2.359
1.371
1.261
1.330
1.250
1.269
1.272
2.257
1.231
1.358
1.404
1.280
1.321
1.307
3.140
1.280
1.374
1.333
1.306
1.302
1.316
1.360
2.240
1.287
1.170
1.373
1.303
1.301
1.379
2.313
1.213
1.318
1.222
1.457
1.302
1.306
2.313
1.406
1.386
1.244
1.404
1.295
1.280
3.027
1.319
1.284
1.291
1.261
1.373
1.464
1.249
2.292
1.302
1.290
1.306
1.364
1.347
1.235
2.437
1.257
1.407
1.424
1.239
1.226
1.288
2.471
1.299
1.391
1.262
1.300
1.374
1.349
2.265
1.289
1.296
1.246
1.356
1.308
1.266
2.317
1.297
1.281
1.409
1.282
1.304
1.451
2.304
1.417
1.333
1.336
1.297
1.453
1.256
3.009
1.401
1.235
1.274
1.346
1.251
1.344
1.307
1.402
1.220
1.394
1.315
1.465
1.330
1.415
1.961
1.355
1.373
1.272
1.526
1.286
1.386
2.280
1.277
1.352
1.329
1.257
1.292
1.315
2.193
1.304
1.293
1.244
1.386
1.352
1.233
2.355
1.330
1.412
1.318
1.320
1.389
1.280
3.004
1.436
1.284
1.265
1.226
1.317
1.367
2.984
1.460
1.482
1.293
1.293
1.430
1.277
1.317
1.478
