21.742
25.957
10.406
7.249
7.051
9.502
7.504
6.069
6.824
5.732
6.086
6.186
6.246
5.887
5.023
5.680
10.643
4.774
5.042
4.402
5.779
4.406
3.945
5.687
5.726
4.216
4.423
6.754
5.178
6.396
4.311
21.211
4.105
3.833
4.100
4.107
3.597
3.907
8.235
3.905
3.646
3.760
4.208
3.690
3.701
3.818
4.582
3.730
3.648
4.288
3.642
3.689
3.456
4.589
3.504
3.515
3.597
7.755
3.658
3.618
4.563
3.432
3.670
3.495
4.304
6.074
3.481
4.198
3.967
3.812
3.934
20.002
3.442
3.437
3.907
7.285
3.454
4.027
4.178
3.406
3.549
4.133
3.911
3.486
3.708
4.088
3.488
3.929
7.736
3.537
3.451
3.839
4.609
3.512
3.465
5.670
3.445
3.810
3.662
4.323
3.402
3.846
4.319
3.770
3.497
7.708
3.411
3.473
3.586
4.093
3.682
3.360
4.299
3.480
3.351
5.661
3.580
3.622
3.417
4.416
3.370
4.477
6.745
3.363
3.403
4.389
3.390
3.432
6.509
3.437
3.520
4.351
3.539
3.626
3.792
3.690
3.401
3.440
4.010
3.434
3.385
5.743
3.320
3.487
4.004
3.434
3.386
5.350
3.416
3.424
3.915
3.559
3.411
4.055
3.419
3.426
3.803
3.444
3.422
5.434
3.345
3.606
3.966
14.094
3.501
4.016
3.352
3.454
4.112
3.358
5.664
4.322
3.604
3.799
5.325
3.652
3.759
4.106
3.385
3.494
4.081
3.595
3.873
3.999
3.455
3.388
4.102
3.698
3.910
3.444
3.312
4.096
3.452
3.327
4.093
3.328
10.308
6.082
3.391
3.416
5.332
3.413
4.170
3.852
3.302
3.939
4.163
3.366
4.038
3.669
3.293
7.890
3.737
3.424
4.377
4.134
4.018
3.401
3.679
3.753
3.377
3.791
3.735
3.431
3.930
3.838
3.891
5.533
3.305
3.366
5.542
3.280
3.454
5.451
3.313
3.343
5.519
3.323
3.818
3.752
3.499
4.135
3.817
3.252
3.897
3.627
3.469
4.043
3.623
3.783
3.429
5.537
4.279
3.377
3.731
7.499
3.441
4.877
3.408
3.366
5.924
3.364
3.502
5.475
3.246
4.308
3.975
3.292
6.392
8.060
8.365
3.291
4.224
3.904
3.319
4.272
3.779
3.615
3.398
3.943
4.000
3.548
3.727
4.138
3.292
5.498
3.296
3.418
5.544
3.319
4.050
3.856
3.247
3.770
4.043
3.809
3.354
3.634
3.671
3.639
4.097
4.111
3.301
7.154
3.325
3.329
5.457
3.309
3.777
5.404
3.296
3.838
3.668
3.541
3.370
3.947
3.717
3.329
5.658
4.132
3.362
5.415
3.226
3.327
5.440
3.363
4.081
3.767
3.459
4.082
5.529
3.819
3.427
3.748
4.451
3.321
3.770
4.312
3.296
5.390
3.309
3.491
5.400
3.324
3.897
3.927
3.378
3.802
3.769
4.064
3.320
3.814
3.746
3.497
3.707
3.757
3.383
5.393
3.217
3.372
5.968
3.361
3.796
3.857
3.276
6.854
3.922
3.598
3.449
3.718
3.803
3.346
3.785
3.801
3.400
5.636
3.376
3.332
5.374
3.285
3.913
3.825
3.265
3.937
3.668
4.155
3.438
3.730
3.604
3.510
3.937
4.147
3.332
5.378
3.351
3.554
5.434
3.268
4.064
3.884
3.431
4.190
4.026
5.132
3.515
3.849
3.752
3.584
3.887
3.888
3.308
5.507
3.292
3.485
5.539
3.449
3.861
4.352
3.265
3.931
3.928
3.306
3.642
3.844
3.631
3.468
3.800
3.961
3.403
5.372
3.266
3.381
5.523
3.272
3.756
4.277
3.350
3.915
4.019
3.250
4.181
3.928
3.890
3.345
3.796
3.791
3.392
5.503
3.372
3.266
5.418
3.512
3.751
5.379
3.326
3.802
4.135
3.271
3.968
3.736
3.655
3.401
3.917
3.958
3.330
5.474
3.326
3.422
5.373
3.238
3.694
4.043
3.260
3.910
3.818
3.310
4.197
3.846
3.637
3.411
3.820
3.860
3.294
5.414
3.548
3.271
5.423
3.229
3.779
4.213
3.358
3.908
3.785
3.290
4.219
4.291
3.942
3.513
4.072
5.378
3.397
5.388
3.282
3.400
5.401
3.275
3.749
3.923
3.304
3.801
3.696
5.073
3.405
3.811
3.873
3.449
3.717
4.097
3.330
5.351
3.285
3.274
5.448
3.297
3.785
3.499
3.348
5.452
3.398
3.826
3.386
3.392
4.034
3.303
3.418
3.981
3.281
3.777
3.334
3.291
3.886
3.386
3.695
3.529
3.371
3.774
3.333
3.326
4.397
3.406
5.363
3.296
3.732
3.832
3.501
3.892
3.378
3.365
3.877
3.550
3.774
3.546
3.339
3.922
3.373
3.594
3.847
3.358
3.809
3.372
3.395
3.999
3.629
5.638
3.416
3.350
3.913
3.363
3.698
3.387
3.312
3.843
3.359
5.465
3.805
3.345
4.073
3.535
3.436
4.299
3.287
3.781
3.374
3.315
4.462
3.407
5.126
3.370
3.610
3.772
3.318
3.324
3.795
3.383
3.812
3.347
3.327
4.077
3.282
3.943
3.336
3.386
3.914
3.322
3.339
4.608
3.324
3.840
3.534
3.296
3.965
3.362
4.054
3.293
3.368
3.841
3.394
3.708
3.333
3.453
4.280
3.308
3.336
3.979
3.494
3.848
3.429
3.463
4.148
3.580
4.055
3.270
3.354
3.883
3.302
5.156
3.558
3.393
4.392
3.380
3.293
3.841
3.456
3.875
3.487
3.267
4.154
3.366
4.223
3.348
3.417
3.760
3.363
4.330
3.482
3.271
4.018
3.314
3.581
3.918
3.527
5.473
3.419
3.849
4.289
3.505
4.384
3.363
3.605
4.348
4.034
3.843
3.449
3.300
3.699
3.250
3.673
3.383
3.298
3.921
19.174
3.335
4.322
3.559
7.393
3.337
3.356
4.402
3.327
3.870
3.494
3.259
3.869
3.263
4.448
3.337
3.422
4.455
3.330
3.727
3.563
3.353
3.900
3.301
3.940
3.277
3.377
3.714
3.467
3.905
3.508
3.283
3.875
3.474
4.154
3.385
3.619
4.503
3.290
3.960
3.357
3.440
4.286
3.414
5.328
3.344
4.266
3.381
3.595
5.308
3.416
4.334
3.395
3.312
3.925
3.353
3.737
3.424
3.499
4.519
3.582
3.799
3.280
3.314
3.724
3.287
3.811
3.404
3.349
3.685
3.286
4.048
3.297
3.252
3.752
3.322
3.815
3.395
3.319
4.330
3.269
7.456
3.557
3.757
3.711
3.289
4.054
4.263
3.303
3.904
3.462
4.022
3.340
3.367
4.253
3.330
3.861
3.326
3.392
3.908
3.308
3.717
3.480
3.316
3.948
3.475
3.704
3.407
3.329
3.799
3.499
4.166
3.575
3.587
3.815
3.425
3.630
3.304
3.292
3.788
3.244
3.722
3.332
3.286
4.134
3.299
3.758
3.506
3.380
4.006
3.378
3.763
3.823
3.276
4.371
3.332
3.703
3.489
3.450
3.750
3.749
4.169
3.538
3.267
4.138
3.925
4.265
3.678
3.333
3.854
3.298
3.586
3.457
3.345
3.667
3.287
4.835
3.351
3.420
3.864
3.206
5.891
3.414
3.315
4.274
3.268
4.238
3.368
3.314
3.803
3.285
4.154
3.309
3.322
3.778
3.264
3.943
3.602
3.416
4.391
3.336
3.671
3.760
3.697
3.922
3.289
3.703
3.340
3.432
4.137
3.417
3.781
3.299
3.264
4.177
3.372
3.716
6.935
4.195
3.488
4.253
3.345
3.422
4.083
3.387
4.044
3.213
3.374
4.325
3.199
4.240
3.327
3.211
4.226
3.355
3.791
3.273
3.405
4.151
3.382
3.874
3.247
5.072
3.265
3.516
3.796
3.477
3.783
3.400
3.292
3.892
3.342
4.305
3.386
3.492
4.007
3.528
3.865
3.479
3.334
4.349
3.455
3.778
3.284
3.302
3.812
3.506
3.991
3.310
3.317
4.037
3.276
3.830
3.306
3.265
3.728
3.302
4.151
3.339
3.315
3.738
3.318
5.430
3.365
3.267
4.034
3.551
3.712
3.332
3.277
3.806
3.395
4.182
3.459
3.500
3.688
3.279
4.648
3.247
3.379
3.953
3.263
3.818
3.484
3.268
4.197
3.398
3.728
3.374
3.383
3.865
3.410
3.812
3.321
3.307
4.525
3.446
3.843
3.779
3.346
3.749
3.410
3.851
3.267
3.700
4.267
3.358
5.420
3.335
3.332
