1.597
2.165
1.607
1.512
2.178
2.650
1.527
2.316
1.499
1.553
2.358
1.620
1.542
3.759
1.616
1.568
2.292
1.565
1.530
2.427
1.486
3.495
2.262
1.608
1.463
2.359
1.608
1.450
2.394
3.436
1.667
2.436
1.587
1.792
2.562
1.520
1.653
3.895
1.489
1.557
2.242
1.565
1.644
2.423
1.643
1.545
3.153
1.559
1.528
2.559
1.702
1.466
2.266
1.513
2.534
2.301
1.669
1.470
2.237
1.574
1.462
2.344
3.349
1.503
2.360
1.529
1.573
2.483
1.497
1.578
3.566
1.469
1.615
2.439
1.518
1.628
2.307
1.510
3.296
2.255
1.493
1.584
2.479
1.557
1.636
2.381
1.677
1.667
2.258
1.512
1.866
2.304
1.603
1.565
2.432
3.527
1.665
2.269
1.590
1.510
2.190
1.497
1.519
3.522
1.455
1.644
2.207
1.646
1.550
2.365
1.579
3.302
2.343
1.705
1.581
2.472
1.514
1.468
2.275
3.305
1.792
2.320
1.612
1.615
2.480
1.543
1.556
3.529
1.600
1.505
2.468
1.655
1.474
2.247
1.530
3.248
2.468
1.529
1.852
2.331
1.520
1.515
2.152
1.676
2.498
2.259
1.766
1.465
2.474
1.513
1.502
2.568
2.473
1.669
2.327
1.927
1.681
2.285
1.538
1.549
3.512
1.501
1.693
2.356
1.593
1.478
2.333
1.542
3.422
2.558
1.633
1.605
2.113
1.497
1.546
2.327
3.338
1.615
2.536
1.498
1.527
2.424
1.603
1.484
3.771
1.771
1.807
2.468
1.540
1.551
2.229
1.532
1.611
2.456
1.589
1.499
2.268
1.831
2.752
4.746
2.735
4.137
4.589
4.351
2.893
4.352
2.480
2.277
6.132
2.343
3.349
2.768
2.378
2.573
3.175
3.137
3.366
2.399
1.552
1.484
2.629
1.560
1.537
2.388
3.383
1.540
2.356
1.725
1.601
2.334
1.551
1.608
3.660
1.523
1.561
2.198
1.640
1.562
2.517
1.681
3.306
2.523
1.543
1.654
2.571
1.805
1.573
2.585
3.296
1.662
2.245
3.378
1.446
3.521
2.344
1.543
1.749
2.219
1.516
1.457
2.391
3.396
16.155
2.402
1.576
1.574
2.193
1.558
1.439
3.704
1.452
1.625
2.160
1.532
1.549
2.181
1.568
3.761
2.254
1.499
1.471
2.305
1.595
1.470
2.176
2.478
1.555
2.511
1.607
1.734
2.201
1.673
1.565
3.594
1.516
1.540
2.375
1.631
1.590
2.327
1.519
3.371
2.365
1.571
1.595
2.529
1.560
1.507
2.390
1.525
2.588
2.228
1.553
1.628
2.383
1.638
1.623
2.173
2.482
1.632
2.553
1.508
1.587
2.379
1.707
1.446
3.542
1.463
1.620
2.201
1.518
1.533
2.649
1.504
3.361
2.284
1.655
1.525
2.267
1.520
1.516
2.525
3.405
1.814
2.231
1.557
1.646
2.716
1.501
1.475
3.464
1.500
1.727
2.363
1.624
1.472
2.167
1.530
3.410
2.244
1.628
1.706
2.509
1.573
1.665
2.602
3.276
1.621
2.369
1.650
1.532
2.254
1.509
1.744
3.708
1.491
1.610
2.543
1.624
1.684
2.590
1.513
3.345
2.264
1.618
1.887
2.520
1.477
1.477
2.232
1.496
2.488
2.271
1.512
1.487
2.608
1.489
1.790
2.321
2.483
1.591
2.559
1.581
1.585
2.271
1.495
1.549
3.137
1.572
1.659
2.205
1.521
1.704
2.308
1.428
3.317
2.310
1.637
1.600
2.410
1.492
1.575
2.249
3.433
1.531
2.712
1.441
1.554
2.220
1.574
1.558
3.561
1.479
1.661
2.252
1.541
1.582
2.192
1.600
3.479
2.337
1.542
1.547
2.215
1.505
1.488
2.201
3.366
1.555
2.275
1.668
1.568
2.178
1.525
1.579
3.471
1.458
1.507
2.274
1.629
1.532
2.174
1.541
3.476
2.475
1.570
1.622
2.254
1.587
1.537
2.489
1.523
2.642
2.275
1.547
1.534
2.341
1.558
1.462
2.544
2.182
1.724
2.196
1.509
1.658
2.264
1.553
1.758
3.247
1.586
1.495
2.299
1.659
1.700
2.395
1.557
3.315
2.336
1.554
1.738
2.461
1.645
1.538
2.369
3.384
1.614
2.166
1.539
1.607
2.400
1.442
1.794
3.506
1.518
1.541
2.231
1.557
1.874
2.708
1.480
3.399
2.314
1.524
1.564
2.286
1.531
1.487
2.375
3.317
1.686
2.223
1.505
1.791
2.211
1.595
1.583
3.500
1.502
1.477
2.311
1.509
1.636
2.448
1.555
3.314
2.425
1.487
1.564
2.234
1.491
1.494
2.421
3.324
1.732
2.222
1.526
1.540
2.275
1.484
1.631
3.695
1.716
1.632
2.235
1.582
1.484
2.497
1.439
1.883
2.236
1.638
1.545
2.374
1.528
1.493
2.287
1.527
2.672
2.535
1.505
1.551
2.234
1.573
1.643
2.209
3.367
1.530
2.443
1.538
1.598
2.441
1.653
1.615
3.416
1.546
1.486
2.366
1.484
1.543
2.281
1.517
3.440
2.548
1.524
1.531
2.112
1.592
1.431
2.267
3.500
1.602
2.294
1.497
1.644
2.337
1.473
1.814
3.627
1.484
1.621
2.151
1.560
1.623
2.599
1.525
3.391
2.318
1.505
1.522
2.271
1.538
1.449
2.232
3.325
1.503
2.361
1.633
1.562
2.434
1.588
1.556
3.534
1.456
1.528
2.204
1.654
1.578
2.197
1.582
2.314
2.542
1.498
1.538
2.260
1.471
1.913
2.258
3.343
1.607
2.531
1.567
1.526
2.237
1.520
1.615
3.548
1.480
1.531
2.174
1.584
1.733
2.314
1.570
3.321
2.685
1.523
1.503
2.249
1.643
1.532
2.596
3.379
1.548
2.229
1.562
1.710
2.588
1.515
1.552
3.764
1.548
1.578
2.409
1.548
1.468
2.198
1.526
3.412
2.236
1.505
1.575
2.466
1.643
1.551
2.263
3.374
1.484
2.401
1.549
1.677
2.168
1.500
1.444
2.219
1.570
1.469
2.258
1.595
1.553
2.578
1.596
3.334
2.285
1.576
1.547
2.280
1.712
1.471
2.382
1.498
2.382
2.247
1.541
1.510
2.350
1.721
1.740
2.318
2.475
1.591
2.416
1.538
1.486
2.433
1.653
1.695
3.307
1.704
1.508
2.512
1.580
1.508
2.260
1.558
2.511
2.503
1.676
1.498
2.282
1.817
1.565
2.262
3.382
1.488
2.268
1.566
1.557
2.261
1.642
1.610
3.632
1.685
1.549
2.285
1.549
1.575
2.525
1.703
2.424
2.306
1.540
1.512
2.467
1.643
1.526
2.411
3.514
1.514
2.494
1.568
1.562
2.264
1.592
1.615
3.535
1.755
1.494
2.237
1.562
1.476
2.520
1.522
3.323
2.295
1.711
1.538
2.421
1.493
1.652
2.201
3.383
1.632
2.264
1.586
1.601
2.253
1.796
1.707
3.590
1.713
1.694
2.427
1.712
1.479
2.513
1.507
3.282
2.322
1.857
1.595
2.399
1.770
1.772
2.559
3.624
1.501
2.466
1.597
1.531
2.578
1.681
1.520
3.522
1.478
1.641
2.420
1.777
1.477
2.623
1.503
3.389
2.423
1.498
1.571
2.638
1.555
1.565
2.325
3.352
1.526
2.401
1.565
1.530
2.436
1.505
1.576
3.476
1.550
1.567
2.513
1.490
1.547
2.447
1.578
3.339
2.592
1.565
1.751
2.214
1.608
1.457
2.472
3.317
1.710
2.280
1.579
1.466
2.715
1.512
1.488
3.723
1.679
1.718
2.649
1.652
1.515
2.176
1.542
3.408
2.541
1.625
1.552
2.713
1.533
1.549
2.453
3.287
1.608
2.491
1.542
1.548
2.424
1.629
1.444
3.785
1.527
1.468
2.739
1.543
1.533
2.296
1.632
3.563
2.607
1.480
1.640
2.499
1.546
1.531
2.572
3.459
1.525
2.399
1.515
1.457
2.573
1.492
1.877
3.708
1.455
1.484
2.272
1.616
1.512
2.404
1.504
3.304
2.641
1.580
1.622
2.547
1.573
1.571
2.301
2.535
1.601
2.334
1.582
1.475
2.552
1.572
1.685
3.673
1.497
1.476
3.243
3.445
1.611
1.489
2.485
1.751
1.533
2.378
1.577
3.383
2.709
1.625
1.601
2.242
1.605
1.567
2.389
3.349
1.500
2.310
1.647
1.540
2.288
1.621
1.511
3.574
1.460
1.515
2.278
1.496
1.512
2.216
1.570
3.339
2.576
