1.194
2.139
1.229
1.345
1.803
1.223
1.146
2.444
1.530
1.201
1.672
1.220
1.179
1.590
1.798
2.027
1.824
1.195
1.305
1.766
1.277
1.554
1.755
1.612
1.471
1.594
1.194
1.265
1.741
1.990
1.530
1.810
1.350
1.609
1.621
3.105
2.360
1.574
1.378
1.387
1.206
1.295
1.247
1.569
1.254
1.361
1.313
1.294
1.466
1.198
1.326
1.861
1.508
1.277
1.220
1.180
1.389
1.356
1.636
1.236
1.601
1.172
1.285
1.184
1.172
1.354
1.931
1.521
1.345
1.217
1.147
1.259
1.221
1.998
1.442
1.403
1.334
1.280
1.271
1.279
1.427
1.799
1.722
1.491
1.264
1.204
1.411
1.234
1.189
2.670
1.284
1.494
1.312
1.213
1.147
1.389
1.667
1.173
1.382
1.296
1.528
1.293
1.259
1.570
1.212
1.499
1.230
1.351
1.330
1.494
1.293
1.962
1.555
1.385
1.223
1.277
1.347
1.231
1.822
1.299
1.512
1.393
1.255
1.253
1.193
1.383
1.985
1.546
1.265
1.247
1.222
1.285
1.253
1.418
1.277
1.882
1.180
1.279
1.201
1.312
1.251
1.827
1.757
1.396
1.228
1.267
1.293
1.177
1.251
1.963
1.508
1.272
1.318
1.289
1.247
1.307
1.733
1.214
1.616
1.182
1.420
1.345
1.200
1.241
2.007
1.423
1.233
1.274
1.179
1.423
1.449
1.688
1.200
1.265
1.178
1.223
1.258
1.229
1.596
1.452
1.587
1.224
1.283
1.197
1.223
1.263
1.157
2.490
1.478
1.166
1.199
1.386
1.174
1.254
1.811
1.570
1.172
1.421
1.213
1.154
1.296
1.205
1.307
1.544
1.309
1.309
1.592
1.236
1.309
1.978
1.827
1.172
1.244
1.174
1.167
1.433
1.822
1.330
1.613
1.209
1.231
1.261
1.194
1.335
2.029
1.375
1.245
1.288
1.366
1.277
1.200
1.405
1.402
1.303
1.165
1.232
1.317
1.184
1.174
1.918
1.243
1.410
1.283
1.167
1.242
1.256
1.547
1.220
1.585
1.197
1.499
1.260
1.203
1.355
1.937
1.553
1.229
1.349
1.199
1.535
1.296
1.469
1.217
1.693
1.349
1.253
1.339
1.186
1.315
2.124
1.515
1.296
1.258
1.230
1.290
1.388
1.653
1.356
1.607
1.269
1.285
1.280
1.219
1.248
1.894
1.745
1.427
1.431
1.265
1.200
1.317
1.242
2.011
1.595
1.383
1.540
1.315
1.203
1.253
1.985
1.656
1.348
1.270
1.185
1.384
1.362
1.361
1.152
1.607
1.178
1.435
1.548
1.166
1.442
2.046
1.440
1.229
1.471
1.178
1.273
1.303
1.620
1.563
1.584
1.167
1.259
1.325
1.193
1.238
1.480
1.596
1.293
1.270
1.217
1.166
1.388
1.187
1.975
2.038
1.202
1.249
1.365
1.212
1.328
1.307
2.079
1.566
1.448
1.190
1.274
1.330
1.229
1.814
1.907
1.381
1.213
1.340
2.050
1.152
1.524
1.311
1.545
1.486
1.267
1.283
1.248
1.193
2.042
1.552
1.209
1.251
1.338
1.198
1.204
1.872
1.624
1.240
1.404
1.314
1.288
1.556
1.238
2.062
1.711
1.277
1.187
1.409
1.177
1.244
1.435
1.226
1.743
1.260
1.234
1.294
1.319
1.213
1.889
1.867
1.216
1.231
1.371
1.222
1.272
1.492
1.216
1.682
1.223
1.176
1.262
1.337
1.227
2.025
1.804
1.239
1.226
1.292
1.223
1.240
1.857
1.289
1.518
1.303
1.405
1.158
1.303
1.210
2.028
1.698
1.205
1.320
1.393
1.293
1.445
1.360
2.557
1.187
1.395
1.191
1.451
1.280
1.229
1.856
1.608
1.306
1.222
1.313
1.277
1.231
1.300
2.108
1.390
1.250
1.288
1.159
1.324
1.344
1.840
2.964
1.255
1.301
1.354
1.237
1.271
1.594
1.340
1.616
1.283
1.207
1.289
1.266
1.236
2.051
1.825
1.180
1.156
1.307
1.238
1.214
1.782
1.346
1.729
1.445
1.251
1.212
1.289
1.316
1.712
1.698
1.245
1.189
1.396
1.183
1.260
1.250
1.981
1.482
1.298
1.221
1.394
1.350
1.211
1.514
1.504
1.442
1.329
1.351
1.309
1.366
1.254
1.979
1.558
1.360
1.214
1.332
1.281
1.225
1.385
2.045
1.475
1.319
1.302
1.251
1.187
1.266
2.019
1.532
1.329
1.196
1.190
1.385
1.221
1.271
1.252
1.620
1.250
1.301
1.243
1.171
1.322
1.767
1.590
1.405
1.366
1.282
1.271
1.194
1.299
1.399
1.350
1.223
1.432
1.387
1.228
1.301
1.795
1.782
1.419
1.242
1.267
1.482
1.429
1.653
1.335
1.698
1.230
1.261
1.284
1.301
1.264
2.008
1.399
1.346
1.199
1.304
1.266
1.188
1.834
1.247
1.779
1.260
1.318
1.350
1.309
1.265
1.668
1.462
1.396
1.533
1.281
1.228
1.279
1.307
2.080
1.517
1.248
1.341
1.354
1.213
1.371
1.951
1.509
1.478
1.328
1.207
1.546
1.193
1.257
2.130
1.481
1.273
1.324
1.315
1.393
1.244
1.628
1.600
1.371
1.243
1.254
1.357
1.273
1.607
1.327
1.527
1.276
1.297
1.224
1.160
1.246
2.134
17.120
1.304
1.318
1.238
1.250
1.186
2.022
1.638
1.241
1.459
1.303
1.191
1.353
1.806
1.703
1.664
1.200
1.343
1.496
1.193
1.217
1.972
1.640
1.194
1.197
1.393
1.364
1.246
1.323
1.950
1.506
1.313
1.238
1.170
1.545
1.239
1.778
1.381
1.614
1.183
1.304
1.240
1.323
1.324
1.813
1.517
1.378
1.306
1.167
1.379
1.191
1.823
1.671
1.206
1.269
1.340
1.343
1.269
1.261
1.958
1.463
1.617
1.196
1.248
1.372
1.278
1.611
1.317
1.454
1.255
1.640
1.234
1.206
1.437
1.400
1.456
1.336
1.190
1.286
1.507
1.227
1.847
1.286
1.211
1.153
1.328
1.239
1.295
1.663
2.059
1.575
1.276
1.246
1.237
1.291
1.245
1.356
1.384
1.489
1.215
1.331
1.232
1.150
1.275
1.981
1.946
1.808
1.225
1.201
1.920
1.228
1.258
2.569
1.537
1.260
1.693
1.298
1.283
1.628
1.961
1.484
1.724
1.427
1.237
1.698
1.381
1.851
1.702
1.481
1.236
1.602
1.252
1.361
1.736
1.753
1.647
1.644
1.231
1.297
1.675
1.238
1.355
2.453
1.695
1.197
1.662
1.186
1.217
1.764
1.820
1.658
1.752
1.202
1.305
1.665
1.209
1.452
1.654
1.753
1.262
1.900
1.277
1.309
1.720
1.809
1.574
1.708
1.464
1.236
1.733
1.228
1.441
1.630
1.791
1.307
1.604
1.499
1.414
1.609
2.096
1.463
1.797
1.275
1.216
1.865
1.334
1.463
1.599
1.584
1.247
1.786
1.284
1.408
1.670
1.308
1.531
1.645
1.243
1.344
1.627
1.338
1.414
2.494
1.666
1.216
1.586
1.198
1.374
1.607
1.621
1.643
2.215
1.235
1.309
1.581
1.282
1.257
2.557
1.605
1.531
1.696
1.193
1.154
1.682
1.279
2.064
2.006
1.278
1.243
1.638
1.210
1.264
3.323
1.565
1.473
1.731
1.294
1.284
1.593
1.284
2.341
2.092
1.571
1.337
1.589
1.250
1.223
3.372
1.705
1.310
1.731
1.472
1.337
1.765
1.302
1.288
2.066
1.232
1.186
1.785
1.394
1.231
2.228
1.642
1.284
1.802
1.237
1.340
1.659
1.517
1.572
1.984
1.213
1.171
1.667
1.215
1.269
2.170
1.608
1.238
1.742
1.183
1.191
1.642
1.236
2.260
1.995
1.572
1.311
1.695
1.315
1.194
2.507
1.779
1.154
1.695
1.545
1.173
1.834
1.696
1.485
2.335
1.204
1.320
1.756
1.229
1.197
3.486
1.835
1.175
1.656
1.240
1.471
1.696
1.498
1.261
1.896
1.361
1.305
1.708
1.257
1.399
2.581
1.531
1.326
1.836
1.280
1.275
1.607
1.899
1.172
1.930
1.511
1.184
1.733
1.365
1.252
3.164
1.799
1.283
1.949
1.274
1.246
1.706
1.203
1.866
2.252
1.185
1.256
1.824
1.202
1.244
2.284
1.801
1.260
1.851
1.264
1.480
1.600
1.257
2.167
2.149
1.475
1.284
1.625
1.268
1.275
2.290
1.269
