1.417
1.421
1.402
1.409
1.429
1.325
1.382
1.472
3.195
1.404
1.611
1.401
1.419
1.404
1.442
1.361
1.585
1.513
1.343
1.373
2.215
1.428
1.375
1.435
1.460
1.409
1.391
1.340
1.729
1.308
1.421
1.518
2.426
1.337
1.542
1.336
1.358
1.372
1.354
1.336
1.498
1.428
1.369
2.411
1.316
1.343
1.366
1.382
1.364
1.643
1.438
1.400
1.367
1.518
3.147
1.442
1.403
1.488
1.512
1.476
1.456
1.433
1.473
1.355
1.444
1.361
3.311
1.395
1.452
1.315
1.400
1.437
1.462
1.470
1.680
1.405
1.448
1.352
2.403
1.449
1.359
1.372
1.427
1.423
1.495
1.459
1.324
1.394
1.443
2.236
1.317
1.841
1.383
1.412
1.444
1.432
1.396
1.459
1.297
1.342
3.404
1.386
1.378
1.544
1.456
1.425
1.358
1.334
1.489
1.369
1.362
1.497
3.294
1.496
1.319
1.464
1.386
1.405
1.394
1.376
1.409
1.401
1.359
3.188
1.359
1.391
1.372
1.528
1.465
1.430
1.561
1.414
1.419
1.403
1.342
3.276
1.505
1.393
1.343
1.459
1.347
1.333
1.503
1.371
1.543
1.376
3.229
1.429
1.516
1.311
1.453
1.408
1.403
1.391
1.469
1.372
1.394
1.370
2.193
1.433
1.447
1.377
1.352
1.464
1.461
1.409
1.405
1.554
1.382
1.438
2.341
1.321
1.385
1.356
1.358
1.425
1.333
1.371
1.444
1.462
1.411
2.298
1.382
1.336
1.843
1.388
1.439
1.413
1.410
1.356
1.453
1.389
1.431
2.562
1.457
1.337
1.545
1.497
1.366
1.372
1.339
1.337
1.394
1.423
2.257
1.510
1.465
1.414
1.369
1.415
1.532
1.413
1.391
1.328
1.515
3.195
1.359
1.486
1.454
1.390
1.377
1.368
1.387
1.587
1.301
1.457
1.412
2.347
1.391
1.558
1.299
1.401
1.428
1.353
1.359
1.362
1.464
1.370
1.484
2.389
1.413
1.392
1.423
1.298
1.629
1.391
1.343
1.568
1.418
1.336
3.294
1.376
1.533
1.435
1.451
1.415
1.446
1.359
1.337
1.413
1.334
1.623
2.326
1.395
1.377
1.452
1.332
1.480
1.463
1.418
1.415
1.381
1.303
3.241
1.425
1.359
1.329
1.454
1.417
1.400
1.963
1.410
1.405
1.783
3.226
1.471
1.845
1.462
1.446
1.938
1.327
1.422
1.850
1.408
1.368
1.963
3.391
1.379
1.809
1.328
1.346
1.853
1.537
1.419
1.965
1.341
1.398
3.306
1.310
1.448
2.142
1.416
1.386
1.910
1.441
1.332
2.075
1.442
1.576
2.866
1.438
1.400
1.996
1.366
1.352
1.871
1.676
1.415
1.962
1.559
3.270
1.848
1.522
1.325
1.991
1.421
1.452
1.970
1.301
1.390
1.820
3.234
1.617
2.000
1.404
1.390
1.850
1.447
1.424
1.850
1.549
1.436
1.808
3.342
1.428
1.793
1.477
1.419
1.991
1.361
1.497
2.036
1.347
1.512
3.292
1.333
1.512
1.843
1.371
1.454
1.792
1.528
1.428
1.937
1.424
3.208
1.811
1.400
1.471
1.930
1.408
1.438
1.968
1.390
1.416
1.826
1.402
2.312
1.806
1.417
1.446
1.896
1.399
1.366
1.842
1.414
1.440
2.083
3.221
1.355
2.016
1.365
1.447
1.881
1.408
1.399
1.851
1.390
1.419
1.776
2.329
1.444
1.763
1.566
1.359
2.037
1.393
1.365
2.005
1.340
1.433
3.321
1.333
1.445
1.822
1.343
1.409
1.906
1.488
1.438
1.883
1.502
1.370
2.986
1.395
1.336
1.881
1.452
1.420
2.098
1.323
1.405
1.920
1.401
3.293
1.881
1.440
1.482
1.968
1.609
1.547
2.165
1.331
1.411
1.848
3.232
1.370
1.983
1.553
1.384
2.005
1.315
1.448
2.133
1.469
1.434
1.835
2.316
1.391
1.888
1.434
1.528
1.939
1.425
1.425
1.990
1.560
1.347
3.288
1.322
1.427
1.924
1.367
1.634
2.018
1.412
1.404
1.869
1.386
3.223
1.866
1.392
1.472
1.777
1.560
1.459
1.992
1.471
1.425
1.972
1.366
2.414
1.773
1.507
1.364
1.945
1.424
1.524
1.851
1.548
1.412
1.895
2.372
1.410
1.836
1.534
1.509
1.832
1.320
1.410
1.962
1.445
1.481
2.059
2.311
1.487
1.887
1.476
1.414
1.875
1.375
1.405
1.904
1.379
1.461
2.842
1.476
1.414
1.931
1.530
1.347
1.954
1.323
1.426
2.113
1.488
2.180
1.797
1.331
1.421
1.829
1.376
1.419
1.752
1.473
1.328
2.219
1.356
2.392
2.014
1.343
1.409
1.772
1.387
1.475
1.753
1.384
1.413
1.777
3.494
1.405
1.768
1.495
1.411
1.842
1.449
1.549
1.887
1.412
1.456
3.366
1.358
1.408
1.870
1.376
1.441
1.830
1.491
1.441
1.784
1.439
1.419
3.050
1.421
1.334
1.815
1.387
1.323
1.873
1.667
3.818
1.303
1.435
1.433
1.439
1.412
1.453
1.363
1.392
1.517
3.236
1.432
1.417
1.407
1.389
1.397
1.342
1.399
1.409
1.396
1.534
3.176
1.342
1.416
1.446
1.347
1.563
1.398
1.396
1.414
1.404
1.436
1.512
2.248
1.342
1.549
1.462
1.417
1.540
1.374
1.339
1.563
1.461
1.519
2.425
1.358
1.403
1.439
1.354
1.333
1.402
1.369
1.430
1.535
1.415
1.466
2.275
1.384
1.411
1.486
1.419
1.371
1.388
1.355
1.379
1.490
1.365
2.310
1.468
1.393
1.346
1.435
1.434
1.360
1.395
1.336
1.427
1.415
3.204
1.454
1.436
1.329
1.373
1.404
1.422
1.411
1.457
1.366
1.449
1.483
2.224
1.437
1.517
1.321
1.634
1.606
1.308
1.480
1.484
1.402
1.415
3.267
1.367
1.457
1.386
1.376
1.518
1.426
1.412
1.434
1.427
1.598
3.110
1.609
1.307
1.358
1.462
1.365
1.360
1.545
1.335
1.426
1.428
1.355
3.323
1.424
1.320
1.491
1.478
1.386
1.446
1.425
1.431
1.398
1.391
3.295
1.294
1.467
1.414
1.344
1.438
1.357
1.408
1.393
1.359
1.669
1.464
2.318
1.475
1.514
1.402
1.485
1.412
1.562
1.441
1.447
1.435
1.438
2.299
1.329
1.364
1.550
1.522
1.345
1.398
1.382
1.350
1.433
1.413
3.152
1.384
1.310
1.483
1.454
1.446
1.414
1.466
1.386
1.453
1.727
1.419
2.177
1.507
1.356
1.396
1.556
1.458
1.402
1.375
1.377
1.392
1.378
3.318
1.410
1.389
1.500
1.578
1.386
1.448
1.371
1.456
1.339
1.529
3.254
1.426
1.408
1.485
1.412
1.424
1.458
1.413
1.407
1.524
1.427
1.338
3.378
1.363
1.428
1.424
1.442
1.800
1.475
1.418
1.446
1.440
1.318
3.163
1.435
1.417
1.441
1.457
1.353
1.361
1.517
1.308
1.406
1.476
1.488
2.357
1.500
1.313
1.431
1.488
1.332
1.427
1.437
1.396
1.331
1.481
2.355
1.468
1.421
1.363
1.368
1.511
1.410
1.370
1.411
1.397
1.352
3.157
1.456
1.404
1.526
1.368
1.340
1.393
1.450
1.377
1.475
1.460
1.675
2.277
1.352
1.413
1.478
1.316
1.353
1.441
1.406
1.433
1.532
1.440
2.360
1.416
1.329
1.455
1.510
1.453
1.438
1.458
1.332
1.446
1.397
3.127
1.418
1.425
1.440
1.478
1.513
1.485
1.425
1.465
1.403
1.400
1.461
2.379
1.484
1.534
1.371
1.387
1.386
1.422
1.346
1.439
1.495
1.495
3.278
1.439
1.392
1.492
1.363
1.443
1.426
1.423
1.484
1.447
1.387
3.177
1.368
1.423
1.365
1.459
1.368
1.558
1.368
1.397
1.368
1.417
1.425
2.345
1.433
1.368
1.499
1.383
1.342
1.458
1.682
1.482
1.580
1.566
3.367
1.398
1.381
1.459
1.773
1.458
1.362
1.452
1.487
1.373
1.408
1.491
2.352
1.444
1.428
1.438
1.460
1.433
1.392
1.409
1.372
1.398
1.371
2.350
1.417
1.468
1.490
1.421
1.504
1.501
1.311
1.365
1.413
1.336
3.342
1.385
1.351
1.345
1.512
1.443
1.546
1.446
1.454
1.407
1.398
3.196
1.701
1.501
1.491
