4.024
3.243
3.759
3.767
3.679
3.435
3.780
3.744
3.510
5.651
3.420
3.356
5.537
3.687
3.517
5.624
3.348
3.927
3.674
3.337
4.004
3.672
4.184
3.418
3.728
3.631
3.366
3.776
3.741
3.332
5.561
3.387
3.444
4.605
3.305
4.437
4.176
3.452
3.793
4.590
3.435
4.189
4.544
3.663
3.344
3.587
3.718
3.397
5.552
3.597
3.320
5.579
3.299
3.358
5.585
3.487
3.752
3.682
3.335
4.425
3.691
4.199
3.350
4.132
4.287
3.419
3.722
3.699
3.339
5.562
3.384
3.395
5.584
3.371
4.269
3.993
3.338
3.701
3.823
3.287
3.734
3.758
3.723
3.815
3.944
3.929
3.432
5.604
5.134
3.300
5.531
3.496
3.574
4.631
3.423
3.822
3.694
3.406
3.845
3.601
3.794
3.606
3.681
3.817
3.316
3.718
4.222
3.380
5.569
3.383
3.493
5.727
3.337
3.851
3.658
3.418
3.781
3.830
3.306
5.407
3.610
3.598
3.426
3.643
3.778
3.386
5.539
3.300
3.525
5.518
3.263
3.423
4.480
3.344
4.298
3.908
3.434
3.750
4.178
3.966
3.419
3.710
3.947
3.334
3.768
4.148
3.366
5.765
5.227
4.187
3.306
5.482
3.332
3.378
5.339
3.289
3.858
3.848
3.309
3.765
3.771
3.403
4.108
3.733
3.732
3.499
3.852
3.745
3.423
5.465
3.428
3.594
5.422
3.292
3.400
4.683
3.316
3.761
3.954
3.475
3.976
4.257
3.793
3.335
3.867
3.719
3.458
3.802
4.305
3.489
5.499
3.420
3.316
5.511
3.306
3.754
3.745
3.466
3.729
3.759
3.580
3.422
3.726
3.759
3.423
3.837
4.093
3.415
5.440
3.367
3.396
5.413
3.432
3.758
3.796
3.300
3.702
4.165
3.264
3.814
4.042
3.908
3.350
3.786
3.871
3.337
5.384
3.285
3.313
5.825
3.484
3.435
4.605
3.298
4.371
3.853
3.293
3.739
3.733
4.374
3.461
3.853
3.624
3.521
5.742
3.387
3.329
5.621
3.333
3.400
5.456
3.293
3.933
3.962
3.302
3.838
4.033
4.418
3.424
3.914
3.744
3.359
3.847
3.789
3.379
5.383
3.297
3.421
5.501
3.521
3.690
3.738
3.310
3.782
3.853
3.340
3.788
4.461
3.871
3.345
3.933
3.851
3.395
5.485
3.416
3.563
5.498
3.234
3.477
4.705
3.264
3.900
3.911
3.311
3.893
5.964
3.635
3.369
3.885
3.715
3.709
5.490
3.332
3.426
5.529
3.376
3.315
4.631
3.463
3.723
3.850
3.533
3.768
3.914
4.005
3.333
3.812
3.852
3.304
5.605
3.384
3.408
5.560
3.428
3.422
5.416
3.369
3.623
3.825
3.250
3.924
3.798
4.167
3.397
4.273
3.804
3.312
3.871
4.147
3.506
5.594
3.396
3.522
5.465
3.304
3.781
4.009
3.305
3.963
3.798
5.121
3.577
4.311
3.795
3.381
4.083
4.377
3.316
7.523
3.335
3.394
5.545
3.379
3.940
4.510
3.458
3.684
3.739
5.137
3.520
3.911
3.617
3.461
3.825
4.241
3.336
5.505
3.451
3.400
5.564
3.289
3.952
3.859
3.402
3.815
4.017
3.311
4.433
4.202
3.853
3.350
3.914
3.735
3.395
5.469
3.392
3.404
5.540
3.444
3.886
3.969
3.307
4.224
3.955
3.288
4.257
3.720
3.684
3.366
3.832
3.576
3.531
5.491
3.482
3.316
5.599
3.303
3.882
3.720
3.258
4.270
3.843
3.270
4.298
4.055
3.915
3.324
3.757
3.656
3.530
5.706
3.444
3.322
5.435
3.551
3.672
3.780
3.279
3.998
5.518
3.305
4.187
3.942
3.717
3.371
3.762
3.684
3.543
5.727
3.317
3.411
5.565
3.295
3.842
3.837
3.356
3.771
4.375
3.836
3.982
3.922
3.646
3.362
4.115
3.846
3.562
5.527
3.389
3.478
5.621
3.287
3.680
3.991
3.364
3.713
3.808
3.373
3.889
3.805
3.560
3.394
3.857
3.656
3.334
5.423
3.526
3.443
5.450
3.396
3.705
4.539
3.361
3.921
4.378
4.198
3.381
3.831
3.627
3.513
5.771
3.310
3.478
5.611
3.301
5.085
3.788
3.297
3.889
3.703
3.372
4.291
3.790
3.761
3.392
3.820
3.771
3.361
5.648
3.536
3.427
5.536
3.293
3.506
4.775
3.409
3.747
3.920
3.536
3.842
4.139
3.746
3.391
3.699
4.127
3.375
5.523
3.536
3.420
5.511
3.353
3.374
4.791
3.281
3.868
3.879
3.451
3.880
3.902
3.703
3.398
3.763
3.781
3.329
5.503
3.469
3.519
5.627
3.251
3.698
4.547
3.323
3.785
3.824
3.462
4.561
3.672
3.612
3.452
4.049
3.715
3.381
5.475
3.619
3.431
5.513
3.341
3.868
3.887
3.310
3.846
3.792
4.335
3.432
3.921
3.696
3.344
5.530
3.321
3.330
5.442
3.574
3.672
3.939
3.412
3.966
3.831
3.399
4.285
4.228
4.242
3.315
3.854
3.751
3.522
5.495
3.314
3.401
5.553
3.433
3.816
3.758
3.396
4.360
3.827
5.080
3.307
4.084
4.279
3.357
3.783
4.040
3.491
5.490
3.327
3.800
5.774
3.698
3.820
4.166
3.399
3.763
3.812
3.756
3.554
4.002
3.834
3.357
5.837
3.498
3.361
5.676
3.805
3.370
5.562
3.339
3.751
3.821
3.336
3.885
3.764
5.450
3.339
3.853
3.757
3.388
5.673
3.377
3.384
5.439
3.396
3.899
4.341
3.347
3.815
4.277
5.096
3.400
7.579
3.863
3.476
4.293
3.989
4.177
3.381
3.844
4.044
3.374
5.561
3.388
3.316
5.446
3.300
3.876
4.043
3.297
3.709
3.757
3.781
3.332
3.858
3.722
3.413
4.260
3.416
3.363
5.571
3.557
3.426
5.419
3.406
3.682
4.218
3.306
3.838
3.869
3.659
3.352
4.577
3.654
3.412
5.388
3.305
3.307
5.436
3.258
3.678
4.251
3.244
3.798
3.867
4.167
3.310
4.037
3.959
3.377
5.669
3.252
3.389
5.397
3.309
3.316
4.893
3.312
3.824
4.180
3.321
4.026
3.980
3.691
3.504
3.929
3.633
3.457
5.523
3.303
3.380
5.404
3.305
4.113
4.030
3.249
3.851
3.800
3.289
4.185
4.061
3.669
3.385
4.237
4.290
3.418
5.455
3.312
3.419
5.395
3.291
3.770
4.261
3.306
3.695
4.182
5.105
3.480
4.332
3.745
3.358
3.999
3.761
3.304
5.470
3.302
3.300
5.337
3.298
3.885
3.788
3.326
4.138
4.129
3.732
3.411
4.123
3.764
3.441
5.546
3.332
3.312
5.510
3.539
3.368
5.378
3.442
3.773
3.947
3.436
3.956
4.170
3.858
3.399
3.980
3.758
3.380
5.496
3.456
3.372
5.432
3.504
3.306
4.351
3.320
4.301
4.087
3.253
3.738
3.934
4.483
3.314
4.120
3.666
3.390
5.480
3.369
3.415
5.380
3.660
3.913
3.791
3.296
3.813
3.894
5.104
3.429
3.928
4.345
3.348
3.963
3.644
3.305
5.488
3.398
3.307
5.468
3.500
3.818
3.789
3.384
3.638
4.252
3.681
3.404
3.809
4.087
3.411
4.010
4.156
3.333
5.594
3.403
3.526
5.430
3.507
3.725
3.989
3.320
3.711
3.949
4.226
3.567
3.783
5.495
3.380
5.496
3.293
3.433
5.452
3.297
3.404
5.005
3.594
3.729
3.956
3.292
4.011
3.893
3.838
3.401
4.191
4.330
3.380
5.415
3.519
3.376
5.385
3.287
3.796
3.890
3.375
3.948
3.872
4.050
3.383
4.223
3.704
3.318
3.991
3.698
3.314
5.508
3.310
3.403
5.544
3.389
4.075
3.811
3.345
3.767
3.826
3.834
3.415
5.459
3.881
3.400
5.398
3.297
3.472
5.489
3.311
3.368
4.690
3.533
3.886
3.855
3.436
3.858
4.154
3.670
3.302
3.800
5.354
3.403
5.436
3.306
3.306
5.762
3.380
3.723
3.893
3.461
4.298
3.879
3.255
4.699
3.926
3.883
3.329
4.195
4.350
3.371
5.413
3.275
3.467
5.479
3.391
3.709
4.072
3.471
3.853
5.759
4.336
3.402
3.873
3.751
3.349
5.489
3.412
3.376
5.863
3.412
3.657
4.558
3.388
4.329
3.919
3.492
4.358
4.064
3.874
3.613
4.424
5.986
