24.743
14.864
13.773
8.489
23.272
8.485
7.247
6.362
11.644
7.587
4.939
7.642
4.832
6.178
6.017
6.435
4.829
12.223
6.082
7.068
6.682
21.573
5.805
6.318
5.767
4.305
10.236
5.003
5.846
6.341
4.986
8.989
4.932
5.717
5.363
4.815
5.952
3.689
6.002
3.644
5.924
10.427
3.655
4.472
5.625
4.121
5.603
4.597
4.221
4.760
4.475
4.365
4.498
4.851
4.690
3.578
5.915
5.961
3.730
5.825
4.519
3.880
5.746
4.450
4.504
5.608
3.512
4.455
5.833
3.709
4.257
4.518
5.548
4.323
4.249
4.276
3.559
4.494
4.127
3.681
5.577
6.094
3.663
5.560
4.070
4.333
5.873
3.513
4.744
5.679
3.412
4.588
4.339
4.377
4.242
5.899
5.479
3.712
4.866
5.513
3.536
5.546
4.194
3.958
5.618
3.661
4.212
5.505
3.743
5.732
4.050
4.393
4.625
4.206
4.223
4.276
4.269
4.240
3.846
5.768
4.270
3.646
5.703
3.530
3.693
5.552
3.807
5.781
5.528
3.479
4.242
6.260
14.778
4.156
3.983
7.800
4.541
3.895
4.199
4.160
4.023
3.915
3.510
5.642
4.004
3.905
5.871
4.157
3.445
5.623
4.496
3.452
5.549
3.394
4.589
5.576
3.425
4.079
6.165
3.372
4.177
5.490
3.561
4.501
5.485
3.856
4.156
3.949
4.553
4.193
3.828
4.403
4.383
3.838
4.124
4.435
4.521
3.917
3.444
5.077
4.343
4.156
5.688
4.186
3.407
5.514
4.541
3.606
5.583
4.069
3.374
5.499
3.341
4.201
5.695
3.829
4.292
5.546
3.382
5.443
5.564
3.631
3.980
5.730
3.432
4.001
3.772
4.179
3.931
4.380
3.980
4.015
4.011
4.081
3.971
4.129
4.217
5.182
3.770
4.016
3.614
5.750
3.889
3.796
5.669
5.418
3.521
5.654
4.168
3.504
5.489
5.172
3.511
5.499
3.455
4.050
5.533
3.548
3.981
5.534
3.511
4.134
5.817
3.432
4.872
5.571
3.377
3.954
4.087
4.225
4.067
3.768
5.613
4.214
3.937
3.923
5.464
3.938
3.863
3.388
3.832
3.998
3.469
5.500
4.123
3.380
5.638
4.023
3.440
5.685
4.020
3.470
5.470
3.376
3.767
5.528
3.468
4.161
5.555
3.431
3.985
5.792
3.428
4.077
5.476
3.605
4.261
5.471
3.422
5.478
4.077
4.250
3.948
4.187
4.196
4.100
3.921
4.404
3.936
3.788
4.041
4.435
3.799
4.150
3.643
4.711
4.454
3.413
5.578
4.045
3.723
5.449
4.021
3.596
16.876
4.036
3.337
5.477
5.108
3.428
5.943
3.360
4.461
5.465
3.632
4.008
5.782
3.366
4.017
5.539
3.470
3.940
5.560
3.441
4.103
3.798
4.709
4.174
4.316
3.953
4.069
8.429
4.146
3.367
4.063
3.852
4.432
4.010
3.560
4.368
5.397
3.502
4.176
4.227
3.705
4.444
3.927
3.941
4.060
4.597
3.550
3.891
3.374
4.290
4.121
3.395
4.374
4.141
3.771
4.728
4.266
3.565
4.771
4.237
3.748
4.131
3.452
3.649
4.162
3.385
4.267
4.073
3.397
5.422
4.211
3.568
4.409
4.228
3.426
4.110
3.445
4.283
4.110
3.426
4.051
3.985
3.727
4.188
4.048
3.692
17.974
4.065
3.500
4.038
3.391
3.605
3.960
3.355
4.107
4.189
3.389
4.503
4.034
3.330
4.700
3.940
4.337
4.218
3.982
3.337
4.413
3.797
4.247
4.548
3.370
4.036
4.130
3.474
4.219
4.002
3.395
4.028
3.951
3.434
4.019
4.151
3.653
4.410
3.453
4.241
4.083
3.411
3.903
4.143
3.542
4.009
4.130
3.511
4.757
3.934
3.462
4.425
4.017
3.447
3.968
3.428
4.486
4.084
3.322
4.092
4.580
3.385
4.018
4.122
3.435
4.200
4.039
3.450
4.107
3.928
4.712
4.235
3.417
4.231
4.241
3.360
4.186
4.088
3.663
4.034
4.452
3.363
4.145
5.189
3.460
4.056
3.447
4.131
3.983
3.629
4.729
6.124
3.908
4.053
4.515
3.497
4.138
4.173
3.425
4.119
5.415
3.595
3.978
3.388
4.085
3.891
3.698
4.281
3.970
3.338
4.304
4.019
3.463
4.018
4.097
3.562
4.434
3.417
4.190
4.005
3.567
3.916
3.969
3.438
4.018
4.253
3.799
4.241
4.021
3.814
4.077
3.398
3.452
4.067
3.569
4.051
5.761
3.436
4.123
3.937
3.474
3.917
5.389
3.864
4.163
4.014
3.431
3.966
3.474
3.862
4.031
3.437
5.571
4.180
3.647
4.036
4.027
3.643
4.034
3.892
3.450
4.469
5.468
3.413
4.011
3.374
4.466
4.052
3.451
4.111
4.642
3.489
4.064
4.032
3.539
4.110
4.051
3.676
3.989
4.637
3.327
3.779
3.452
4.350
3.949
3.531
3.856
4.019
3.428
4.047
4.318
3.646
4.074
4.288
3.749
4.040
4.123
3.450
4.560
3.511
4.332
3.942
3.325
4.192
3.961
3.566
4.100
4.473
3.363
4.288
3.823
3.435
4.296
5.231
3.394
4.090
3.482
4.173
4.122
3.470
4.083
4.514
3.534
3.935
4.043
3.420
4.050
4.014
3.422
4.236
5.502
3.489
4.045
3.687
4.143
4.608
3.401
3.942
3.916
3.483
3.888
4.211
3.487
3.984
4.512
3.416
4.044
5.113
3.511
4.044
3.400
4.371
4.210
3.673
4.174
3.880
3.541
3.965
5.457
3.318
4.100
3.971
3.537
4.076
3.915
3.544
4.175
3.468
3.806
4.287
3.348
4.108
4.186
3.391
4.448
4.005
3.415
4.007
4.180
3.447
4.047
5.511
3.562
3.949
5.772
3.419
4.262
3.884
4.429
4.149
19.847
8.204
3.951
5.678
3.902
3.353
5.688
3.400
3.531
5.772
3.452
3.865
3.912
3.652
4.066
3.780
3.351
4.178
4.260
4.004
3.403
3.900
4.104
3.491
5.595
3.327
3.332
7.655
3.388
4.065
3.972
3.899
3.439
3.740
4.420
3.751
5.666
3.332
3.430
5.701
3.403
4.422
3.989
5.117
3.475
4.224
4.122
3.615
5.752
3.357
4.102
4.293
4.030
4.355
5.936
4.539
3.493
5.562
3.518
4.046
5.780
3.311
5.405
3.717
4.109
3.460
3.727
4.159
3.453
5.640
3.313
3.968
3.840
3.423
5.515
3.803
3.957
3.314
5.633
3.449
3.439
5.597
3.619
5.502
6.090
3.314
3.552
3.857
4.375
3.529
5.539
3.429
3.416
5.608
3.458
3.945
3.970
4.741
3.333
3.694
4.032
3.396
5.468
3.364
5.535
3.715
4.053
4.730
3.843
3.849
3.767
5.624
3.331
3.429
5.503
3.438
3.974
3.953
3.305
4.391
4.447
4.135
3.505
8.069
3.278
3.366
5.469
5.073
3.955
4.393
3.835
3.668
3.927
4.063
3.346
5.633
3.580
3.988
4.234
3.347
3.876
3.866
3.842
3.381
4.001
4.205
3.384
5.882
3.339
4.537
4.295
3.322
4.010
3.798
3.985
3.408
5.582
6.481
3.843
3.572
5.657
3.329
4.545
3.824
3.343
4.469
3.891
4.357
3.321
4.017
4.166
3.366
5.404
3.383
3.930
3.906
3.306
4.036
3.804
4.273
3.544
5.542
3.850
3.549
5.454
3.308
4.590
3.920
4.052
3.389
5.910
3.982
3.355
5.440
3.650
3.523
4.012
3.288
3.855
3.978
3.970
3.409
3.891
3.980
4.076
5.420
3.401
4.209
3.839
3.387
4.526
3.773
3.877
3.553
5.591
3.575
4.008
5.616
3.521
3.902
4.218
5.151
3.398
3.923
4.106
3.420
5.514
3.362
3.372
5.456
3.292
3.843
4.320
4.129
3.437
4.102
4.148
3.312
5.431
3.639
3.996
4.128
3.386
4.018
3.949
4.269
3.711
5.388
3.386
3.347
5.629
3.388
4.211
3.877
3.989
3.632
4.024
4.307
3.461
5.548
3.306
3.357
4.719
3.343
4.459
3.965
5.330
3.391
3.829
4.244
3.481
5.408
3.291
4.054
4.003
3.338
4.088
3.884
4.428
3.433
5.456
3.381
3.386
5.434
3.373
3.909
4.053
4.081
3.740
3.850
5.494
3.344
5.734
3.313
5.139
3.881
3.728
4.457
3.832
3.969
3.348
3.998
4.508
3.585
5.620
3.633
4.286
4.123
3.400
4.177
