2.146
1.823
1.274
1.806
1.537
1.224
2.144
3.538
1.248
1.274
1.280
2.081
1.647
1.362
1.294
1.293
1.498
1.867
1.224
1.302
1.408
1.380
1.983
1.660
1.461
1.272
1.324
1.736
1.299
1.825
1.279
1.335
1.297
1.222
1.855
1.714
1.234
1.276
1.349
1.351
1.333
1.600
1.244
1.229
1.352
1.910
1.742
1.297
1.273
1.746
1.357
1.291
1.611
1.298
1.387
1.245
1.392
2.079
1.490
1.420
1.408
1.357
1.386
1.613
1.330
1.308
1.474
1.423
1.339
1.585
1.312
1.327
1.268
1.252
2.041
1.590
1.442
1.378
1.446
1.280
2.628
1.342
1.197
1.331
1.277
1.527
1.674
1.323
1.272
1.335
1.361
1.857
1.715
1.288
1.208
1.359
1.303
2.006
1.397
1.345
1.295
2.001
1.377
1.777
1.336
1.296
1.426
1.343
1.929
1.597
1.329
1.362
1.297
1.991
1.247
1.730
1.338
1.287
1.257
1.621
2.070
1.243
1.311
1.327
1.239
1.924
1.689
1.342
1.332
1.365
1.506
1.894
1.559
1.245
1.395
1.224
1.218
1.845
1.546
1.286
1.279
1.261
2.260
1.721
1.324
1.445
1.379
1.226
1.886
1.740
1.226
1.389
1.317
1.277
2.389
1.317
1.314
1.255
1.502
1.943
1.586
1.346
1.297
1.324
1.333
2.058
1.505
1.375
1.269
2.084
1.295
1.370
1.373
1.296
1.261
2.179
1.314
1.548
1.341
1.440
1.311
1.357
1.980
1.519
1.353
1.359
1.969
1.306
1.332
1.292
1.350
1.333
1.378
1.912
16.522
1.283
1.402
1.447
1.988
1.701
1.322
1.332
1.442
1.311
2.059
1.739
1.356
1.458
1.340
1.477
1.626
1.417
1.359
1.253
1.365
1.899
1.645
1.376
1.319
1.321
1.314
2.081
1.581
1.200
1.319
1.318
1.347
1.611
1.365
1.499
1.308
1.245
1.994
1.657
1.280
1.646
1.461
1.224
2.132
1.678
1.311
1.617
1.475
1.272
1.832
1.302
1.278
1.925
1.376
1.330
1.556
1.301
1.408
1.282
1.342
2.117
1.597
1.370
1.801
1.308
1.367
1.734
1.326
1.340
1.302
1.278
2.353
1.522
1.324
1.410
1.798
1.325
1.377
1.592
1.296
1.362
1.282
1.865
1.677
1.347
1.335
1.335
1.225
2.273
1.660
1.272
1.271
1.374
1.660
1.818
1.367
1.257
2.226
1.264
1.376
1.744
1.345
1.257
1.454
1.595
1.752
1.324
1.335
1.236
1.371
2.129
1.604
1.203
1.362
2.222
1.264
1.318
1.783
1.294
1.496
1.428
1.758
2.014
1.337
1.372
1.297
2.064
1.215
1.744
1.326
1.285
2.260
1.328
1.656
1.403
1.295
1.215
1.407
1.816
1.729
1.353
1.244
1.246
1.950
1.657
1.268
1.311
1.342
1.331
2.152
1.592
1.317
1.365
1.256
1.291
1.843
1.488
1.363
1.280
1.307
1.869
1.905
1.284
1.325
1.338
1.357
2.112
1.652
1.629
1.338
1.290
1.275
1.942
1.779
1.327
1.337
1.293
1.710
1.611
1.371
1.235
1.271
1.467
2.153
1.579
1.594
1.385
1.323
1.416
1.415
1.640
1.321
1.343
1.318
2.231
1.561
1.334
1.328
1.326
1.337
2.560
1.397
1.289
1.420
1.264
1.775
1.701
1.259
1.299
1.338
1.282
2.032
1.732
1.280
1.327
1.356
1.236
2.489
1.497
1.283
1.311
1.296
1.811
1.800
1.337
1.333
1.461
1.367
2.466
1.252
1.305
1.252
1.358
2.171
1.603
1.236
1.430
1.317
1.765
1.654
1.218
1.199
1.363
1.442
2.130
1.776
1.303
1.359
1.318
1.576
1.721
1.379
1.349
1.346
1.336
1.901
1.573
1.427
1.217
1.362
1.312
1.602
1.330
1.341
1.245
1.314
1.857
1.612
1.476
1.400
1.319
1.525
1.967
1.300
1.224
1.731
1.279
1.890
1.664
1.245
1.259
1.315
1.431
1.296
1.582
1.395
1.344
1.319
1.762
1.339
1.486
1.289
1.364
1.783
1.675
1.484
1.295
1.474
1.312
2.011
1.578
1.328
1.321
1.322
1.954
1.599
1.312
1.270
1.409
1.267
2.273
1.846
1.263
1.312
1.405
1.957
1.609
1.320
1.377
1.223
1.293
2.351
1.521
1.343
1.253
1.229
1.796
1.814
1.393
1.314
1.240
1.541
2.166
1.552
1.316
1.514
1.250
1.285
2.566
1.284
1.300
1.315
1.227
1.796
2.073
1.377
1.342
1.403
1.740
1.588
1.388
1.277
1.243
1.548
1.833
1.633
1.310
1.214
1.423
1.640
1.467
1.758
1.369
1.320
1.464
2.170
1.437
1.205
1.398
1.427
1.534
2.249
1.600
1.179
1.517
1.227
1.869
1.884
1.227
1.189
1.321
1.289
2.159
1.777
1.300
1.453
1.439
1.236
2.191
1.620
1.319
1.271
1.585
2.076
1.452
1.476
1.254
1.189
1.503
2.477
1.211
1.370
1.296
1.344
1.905
1.566
1.295
1.287
1.335
1.305
2.188
1.556
1.238
1.339
1.308
1.289
1.978
1.242
1.254
1.563
1.308
1.910
1.657
1.251
1.389
1.551
1.492
1.280
1.645
1.302
1.448
1.339
1.380
1.729
1.321
1.438
1.319
1.303
1.915
1.477
1.355
1.353
1.276
2.129
1.536
1.257
1.310
1.331
1.408
1.853
1.714
1.279
1.335
1.328
1.317
2.244
1.645
1.279
1.303
1.330
1.984
1.833
1.366
1.343
1.326
1.417
1.985
1.670
1.440
1.311
1.290
1.758
1.537
1.288
1.253
1.357
1.568
2.102
1.653
1.397
1.247
1.389
1.393
2.132
1.531
1.350
1.315
1.333
2.028
1.486
1.174
1.326
1.234
1.259
2.164
1.512
1.302
1.658
1.243
1.495
1.581
1.539
1.433
1.769
1.193
2.165
1.956
1.268
1.328
1.693
1.691
1.730
1.829
1.259
1.284
1.691
1.643
1.301
1.780
1.189
1.283
1.780
1.802
1.495
1.664
1.243
1.305
2.209
1.908
1.515
1.666
1.207
1.286
2.223
1.513
1.334
1.718
1.224
1.406
2.367
1.792
1.239
1.669
1.281
1.991
1.885
1.377
1.266
1.671
1.346
1.835
1.962
1.456
1.328
1.725
1.363
1.282
1.930
1.377
1.311
1.597
1.754
1.582
1.661
1.263
1.312
1.839
1.798
1.650
1.806
1.420
1.263
2.093
1.583
1.319
1.678
1.258
1.463
2.475
1.431
1.333
1.583
1.184
1.468
2.266
1.494
1.342
1.639
1.322
1.711
2.022
1.243
1.182
1.594
1.319
2.029
2.172
1.224
1.406
1.585
1.466
1.853
2.099
1.359
1.237
1.829
1.668
1.582
1.792
1.239
1.335
1.790
2.055
1.641
1.874
1.268
1.287
1.724
2.005
1.735
1.690
1.232
1.614
2.300
1.560
1.216
1.549
1.413
1.245
2.730
1.615
1.257
1.603
1.488
1.293
2.450
1.387
1.266
1.622
1.261
1.804
1.957
1.247
1.303
1.952
1.571
1.502
1.912
1.167
1.353
1.980
1.492
1.475
1.789
1.470
1.223
1.779
2.080
1.500
1.703
1.199
1.579
2.108
1.508
1.364
1.651
1.259
1.514
1.748
1.802
1.587
1.659
1.247
1.390
2.522
1.629
1.234
1.954
1.191
1.934
2.072
1.197
1.208
1.719
1.240
1.520
2.076
1.232
1.501
1.696
1.241
2.177
1.905
1.285
1.418
1.813
1.928
1.643
1.734
1.226
1.378
1.724
1.966
1.522
1.743
1.620
1.292
1.647
2.013
1.501
1.829
1.416
1.263
2.562
1.640
1.238
1.724
1.263
1.247
2.200
1.365
1.383
1.631
1.196
1.804
2.034
1.264
1.451
1.771
1.293
1.987
2.012
1.229
1.367
1.666
1.220
2.108
1.627
1.390
1.326
1.754
1.777
1.606
1.804
1.314
1.495
1.727
2.078
1.716
1.641
1.512
1.262
1.748
2.211
1.337
1.788
1.246
1.231
2.494
1.563
1.683
1.854
1.316
1.628
1.854
1.547
1.286
1.757
1.273
1.738
2.104
1.217
1.322
1.657
1.269
2.228
2.042
1.318
1.443
1.736
1.518
1.686
1.742
1.248
1.367
1.782
1.926
1.820
1.651
1.308
1.219
1.748
2.092
1.918
1.761
1.271
1.343
2.204
1.631
1.406
1.794
1.315
1.376
2.465
1.820
