3.308
1.447
1.581
1.600
1.467
1.527
1.708
1.521
3.327
1.550
1.482
1.480
1.850
1.435
1.746
1.529
3.303
1.552
1.657
1.461
1.473
1.568
1.447
1.516
3.654
1.438
1.436
1.615
1.498
1.597
1.561
1.599
2.746
1.747
1.560
1.471
1.582
1.438
1.593
1.674
3.485
1.450
1.582
1.447
1.536
1.684
1.480
1.475
2.602
1.487
1.521
1.651
1.441
1.539
1.794
1.528
3.527
1.611
1.486
1.624
1.579
1.453
1.593
1.681
2.352
1.751
1.645
1.395
1.555
1.683
1.579
1.555
2.483
1.834
1.482
1.651
1.588
1.477
1.783
1.585
2.135
4.746
1.487
1.443
1.676
1.901
1.502
1.674
2.532
1.824
1.653
1.392
1.509
1.921
1.431
1.635
2.663
1.461
1.534
1.715
1.453
1.995
1.568
1.445
3.495
1.626
1.591
1.528
1.616
1.571
1.460
1.676
3.354
1.459
1.598
1.408
1.475
1.790
1.464
1.518
3.558
1.500
1.447
1.818
1.484
1.571
1.602
1.394
3.609
1.656
1.444
1.524
1.700
1.410
1.510
1.600
3.693
1.598
1.582
1.484
1.464
1.654
1.493
1.529
2.710
1.511
1.647
1.603
1.489
1.438
1.719
1.507
2.803
1.537
1.412
1.512
1.670
1.489
1.448
1.649
3.541
1.564
1.632
1.530
1.465
1.595
1.456
1.599
3.725
1.462
1.545
1.685
1.506
1.600
1.566
1.535
1.972
1.569
1.512
1.572
1.624
1.453
1.538
2.284
1.779
1.567
1.753
1.493
1.622
1.802
1.551
2.053
2.067
1.455
1.502
1.700
1.437
1.674
1.581
2.234
1.811
1.661
1.508
1.484
1.570
1.719
1.601
2.560
1.787
1.525
1.597
1.495
1.465
1.939
1.474
3.265
2.022
1.469
1.616
1.597
1.506
1.580
1.694
3.177
1.651
1.598
1.457
1.598
1.622
1.691
1.460
2.863
1.418
1.523
1.675
1.406
1.588
1.753
1.530
3.587
1.632
1.458
1.536
1.644
1.484
1.540
1.609
3.301
1.541
1.579
1.534
1.648
1.590
1.367
1.635
3.385
1.511
1.552
1.849
1.461
1.548
1.648
1.472
2.574
1.650
1.462
1.669
1.682
1.478
1.425
1.647
2.484
1.771
1.600
1.469
1.520
1.641
1.589
1.819
1.927
1.414
1.859
1.601
1.548
1.465
1.765
1.887
2.071
1.763
1.587
1.465
1.604
1.485
1.688
2.290
1.721
1.548
1.802
1.430
1.568
1.628
1.814
2.525
1.977
1.477
1.662
1.648
1.440
1.538
1.818
2.463
1.842
1.608
1.652
1.471
1.778
1.556
1.724
3.541
1.447
1.750
1.782
1.437
1.467
1.638
1.680
3.325
1.716
1.478
1.632
1.623
1.537
1.596
1.636
3.470
1.459
1.732
1.574
1.515
1.602
1.500
1.465
2.820
1.519
1.476
1.853
1.513
1.439
1.671
1.748
1.797
1.601
1.577
1.624
1.656
1.417
1.539
2.239
1.727
1.486
1.606
1.463
1.436
1.729
1.469
2.403
1.861
1.538
1.537
1.663
1.508
1.592
1.898
2.384
1.689
1.620
1.591
1.426
1.825
1.457
1.530
3.392
1.738
1.566
1.576
1.467
1.536
1.765
1.430
3.486
1.615
1.453
1.638
1.651
1.426
1.602
1.629
3.283
1.531
1.576
1.615
1.602
1.617
1.548
1.459
2.823
1.448
1.663
1.684
1.492
1.530
1.604
1.480
2.762
1.703
1.452
1.578
1.669
1.491
1.525
2.167
1.893
1.534
1.711
1.407
1.579
1.734
1.466
2.441
2.055
1.634
1.473
1.601
1.408
1.604
1.715
2.406
1.818
1.639
1.435
1.529
1.646
1.458
1.599
3.397
1.699
1.578
1.620
1.434
1.601
1.632
1.434
3.595
1.655
1.493
1.495
1.649
1.537
1.711
1.648
2.607
1.480
1.714
1.524
1.571
1.727
1.450
1.640
1.911
1.548
1.668
1.615
1.469
1.603
1.675
2.115
1.821
1.812
1.530
1.550
1.712
1.465
1.593
2.650
1.694
1.721
1.601
1.614
1.570
1.651
1.619
2.537
1.942
1.570
1.628
1.779
1.547
1.662
1.849
4.392
3.019
2.769
2.041
1.530
1.699
1.575
1.645
4.011
1.475
1.581
1.635
1.653
1.553
1.597
1.555
1.704
1.660
1.572
1.484
1.582
1.458
1.619
2.252
1.801
1.535
1.568
1.455
1.620
1.624
1.482
2.497
1.811
1.547
1.516
1.633
1.559
1.455
1.736
3.258
1.864
1.623
1.543
1.518
1.593
1.536
1.587
3.763
1.534
1.483
1.748
1.496
1.579
1.732
1.460
3.645
1.770
1.430
1.593
1.609
1.606
1.517
1.745
1.799
1.438
1.688
1.506
1.685
1.569
1.474
2.108
1.972
1.551
1.546
1.590
1.441
1.514
1.608
2.536
1.755
1.659
1.490
1.714
1.542
1.558
1.469
2.610
1.859
1.632
1.670
1.540
1.500
1.727
1.586
2.819
1.571
1.458
2.603
2.784
1.434
1.512
1.721
3.248
1.513
1.833
1.428
1.591
1.610
1.514
1.605
3.810
1.444
1.695
1.576
1.575
1.458
1.591
1.532
3.683
1.767
1.528
1.461
1.712
1.513
1.620
2.027
1.697
1.548
1.836
1.432
1.655
1.576
1.502
2.388
2.177
1.511
1.601
1.574
1.478
1.442
1.693
2.447
1.721
1.670
1.507
1.608
1.584
1.525
1.583
3.658
1.801
1.761
1.617
1.514
1.569
1.617
1.663
3.352
1.572
1.448
1.477
1.667
1.452
1.533
1.618
2.488
1.780
1.770
1.473
1.475
1.705
1.611
1.892
1.905
1.510
1.461
1.717
1.517
1.529
1.648
2.179
1.870
1.638
1.507
1.570
1.644
1.424
1.552
2.673
1.699
1.540
1.599
1.589
1.513
1.714
1.428
3.544
1.672
1.609
1.501
1.882
1.512
1.455
1.607
2.559
1.461
1.665
1.459
1.640
1.603
1.467
1.528
2.897
1.425
1.579
1.764
1.539
1.555
1.595
2.282
1.842
1.609
1.431
1.506
1.764
1.536
1.501
2.650
1.763
1.528
1.641
1.614
1.722
1.604
1.419
2.594
1.929
1.504
1.463
1.756
1.831
1.480
1.724
3.576
1.466
1.659
1.470
1.580
1.790
1.501
1.519
3.986
1.597
1.516
1.644
1.442
1.616
1.587
1.581
1.802
1.588
1.501
1.605
1.770
1.628
1.503
2.290
1.689
1.545
1.624
1.558
1.520
1.845
1.463
2.490
1.861
1.492
1.505
1.716
1.525
1.643
1.580
3.459
1.649
1.715
1.553
2.979
2.613
1.612
1.456
1.524
1.687
1.625
1.491
1.688
1.808
1.496
1.680
1.487
1.572
1.798
1.542
1.889
1.969
1.518
1.453
1.677
1.472
1.554
1.689
2.313
1.855
1.630
1.496
1.438
1.717
1.548
1.569
2.585
1.561
1.643
1.723
1.452
1.608
1.736
1.531
2.590
1.847
1.591
1.540
1.737
1.518
1.498
1.724
2.531
1.516
1.731
1.532
1.434
1.690
1.455
2.269
1.939
1.555
1.736
1.736
1.476
1.528
1.752
2.476
1.889
1.750
1.551
1.575
1.657
1.565
1.551
3.303
1.492
1.623
1.865
1.544
1.521
1.746
1.528
2.734
1.641
1.523
1.641
1.678
1.498
1.543
1.855
1.807
1.508
1.764
1.700
1.521
1.720
1.442
2.434
2.442
1.429
1.698
1.840
1.505
1.499
1.635
2.385
1.724
1.671
1.470
1.664
1.751
1.502
1.456
3.624
1.471
1.502
1.752
1.463
1.531
1.731
1.457
2.648
1.682
1.425
1.583
1.962
1.898
1.457
1.872
1.936
1.493
1.803
1.446
1.641
1.725
1.397
2.327
2.014
1.482
1.547
1.710
1.778
1.488
1.696
2.404
1.889
1.680
1.486
1.652
1.811
1.428
1.552
3.421
1.558
1.495
1.766
1.476
1.816
1.788
1.492
2.903
1.647
1.478
1.511
1.810
1.448
1.526
2.506
1.763
1.537
1.709
1.450
1.510
2.065
1.540
2.017
2.048
1.418
1.573
1.692
1.443
1.716
1.774
3.296
1.493
1.741
1.513
1.538
1.814
1.720
1.487
3.456
1.437
1.574
1.765
1.521
1.525
1.733
1.685
1.902
1.713
1.475
1.617
1.736
1.511
1.715
2.496
1.776
1.478
1.714
1.454
1.606
1.742
1.477
2.546
1.944
1.477
1.526
