3.420
3.254
3.419
3.344
3.236
3.363
7.591
2.245
2.221
2.345
3.852
3.355
2.350
2.198
2.219
3.506
2.223
2.205
2.350
3.334
2.426
3.358
3.356
3.343
3.295
2.240
2.308
3.351
3.205
3.551
3.376
3.671
3.445
3.301
2.195
2.143
3.451
2.261
2.239
3.366
2.396
4.203
3.461
3.271
2.248
3.345
2.213
2.373
2.291
3.298
2.302
2.385
2.289
3.363
2.415
2.167
2.233
2.472
3.318
2.298
3.375
2.231
3.318
3.526
2.161
2.394
3.394
2.291
3.301
3.395
2.378
3.333
3.367
2.389
2.341
3.343
2.360
2.210
2.385
3.286
2.191
2.383
2.378
2.303
4.431
2.186
2.336
3.381
3.395
2.201
2.351
2.201
3.360
3.429
3.249
2.311
3.349
2.647
2.229
2.536
2.177
3.460
3.453
2.367
3.562
3.344
2.137
2.320
2.492
3.322
2.209
2.374
2.177
2.286
3.354
2.363
2.186
3.400
3.415
2.187
3.393
2.204
3.398
3.351
2.296
2.725
3.305
3.117
2.325
3.482
2.270
3.370
3.444
2.347
3.338
3.605
2.287
2.244
3.416
5.074
3.400
3.409
2.388
2.273
3.453
3.311
2.348
3.339
3.311
2.303
3.408
2.201
3.464
3.573
2.302
3.332
5.148
2.262
2.265
2.438
3.345
3.679
3.481
2.231
2.387
3.535
2.177
2.367
2.488
3.380
3.313
3.368
2.248
2.269
3.484
2.578
2.403
2.362
3.461
2.278
3.462
2.194
3.380
3.537
2.242
2.214
3.375
2.213
3.339
3.367
2.276
3.318
3.354
2.326
2.333
3.561
2.215
2.071
2.511
3.356
2.277
3.465
3.240
2.290
3.343
3.424
3.599
3.316
3.281
2.277
2.373
3.403
3.294
2.360
2.094
2.237
5.128
3.314
2.180
2.423
2.221
3.300
3.355
2.262
2.205
3.383
2.234
2.212
3.374
3.418
2.313
3.334
3.561
3.356
3.419
2.283
2.432
3.316
3.278
2.346
2.427
2.104
3.343
2.385
2.145
2.167
3.431
3.304
2.354
2.595
2.198
3.376
2.502
2.177
2.393
3.458
2.335
2.473
2.471
3.701
2.289
2.380
2.071
3.519
2.393
2.218
2.349
2.380
3.821
2.260
2.334
2.312
3.501
2.473
2.256
2.323
4.149
2.328
2.271
3.711
3.312
3.597
2.367
2.254
2.366
3.391
3.305
2.362
2.450
3.504
2.279
2.371
2.338
2.321
3.625
2.196
2.309
2.421
3.363
2.247
3.508
3.395
3.327
2.394
2.116
2.239
3.431
2.326
2.331
2.369
3.355
3.338
2.403
2.210
2.374
3.474
2.255
2.289
2.393
3.356
2.345
3.451
3.367
2.378
3.358
2.230
2.375
3.440
3.391
2.317
2.387
2.303
3.378
2.542
2.276
3.349
3.479
2.245
3.422
2.419
2.323
3.596
2.359
2.119
2.306
3.462
2.238
2.295
2.405
3.342
2.341
2.484
3.499
2.431
3.791
3.336
2.391
2.387
3.331
2.352
2.318
2.243
3.413
2.306
2.277
2.306
2.318
3.219
2.305
2.343
2.228
3.303
2.424
3.354
2.232
3.469
2.214
2.320
2.566
3.387
2.291
2.412
2.187
3.344
3.638
2.235
2.214
2.401
3.412
2.284
2.354
2.183
3.455
2.418
3.246
2.363
2.398
3.158
2.426
2.396
2.292
3.335
2.330
2.139
2.300
3.551
2.316
2.298
2.452
4.038
2.445
2.378
2.186
2.319
3.496
2.193
3.422
2.402
3.384
2.239
2.449
2.210
3.400
2.451
3.311
2.275
2.342
4.191
2.350
2.412
3.283
3.397
2.339
2.180
2.424
3.430
3.339
2.355
2.373
3.377
2.256
2.433
2.185
2.178
3.467
2.280
2.189
2.412
3.434
3.445
2.379
2.308
4.690
2.320
2.242
3.367
2.308
3.397
2.364
3.344
2.323
2.375
2.492
3.374
2.396
2.177
2.393
2.246
3.292
2.405
2.247
2.175
3.427
2.518
2.244
2.383
3.322
2.291
2.341
2.287
4.011
2.421
2.348
2.187
2.254
3.451
2.254
2.327
2.357
3.326
3.453
2.411
2.206
3.517
3.363
3.354
2.515
2.282
3.267
3.489
3.358
2.344
3.405
2.408
3.322
2.362
3.398
2.277
2.452
2.293
3.360
2.415
2.293
2.288
2.442
3.196
3.385
2.368
2.397
3.348
2.315
3.411
2.312
3.562
2.330
3.390
2.567
3.372
2.383
2.424
2.453
2.370
3.344
2.276
2.295
2.356
3.370
2.448
2.360
2.389
3.338
2.296
3.465
3.351
3.476
2.435
2.250
2.352
2.341
3.524
3.330
3.378
2.268
3.433
2.313
2.277
2.673
3.432
2.191
2.370
2.215
2.221
2.411
2.297
2.358
2.324
3.505
3.332
2.344
2.407
3.339
2.348
2.352
2.259
3.445
2.389
2.165
2.456
2.285
3.231
2.408
2.342
3.350
3.540
2.296
2.225
2.425
3.477
3.380
2.323
2.314
3.315
2.321
2.301
2.147
2.342
3.485
2.257
2.531
2.244
3.318
2.546
2.236
2.317
3.463
2.459
2.355
2.261
2.310
3.203
2.380
2.320
2.163
3.521
3.392
2.306
2.392
3.364
2.270
2.419
3.355
3.308
2.342
2.311
2.158
2.379
3.275
2.265
2.330
2.399
3.314
2.322
2.288
2.266
3.526
2.648
3.291
2.429
3.550
2.272
2.350
2.672
2.280
3.451
2.267
2.336
2.402
3.357
2.216
3.398
3.347
3.397
2.348
2.342
2.230
3.404
2.279
2.428
3.377
2.561
3.164
2.432
3.359
2.316
3.586
2.250
2.194
2.324
3.383
2.360
2.333
2.334
3.359
2.362
2.349
2.248
2.299
3.262
3.370
3.399
3.413
3.315
2.402
2.428
2.166
3.487
2.343
2.163
2.350
3.377
2.321
2.337
2.335
2.339
3.149
2.301
2.199
2.426
3.283
3.351
3.460
2.489
3.325
2.373
3.394
2.288
3.395
2.320
2.298
2.541
2.234
3.222
2.353
2.368
2.245
3.366
2.303
2.232
2.386
3.398
3.391
3.411
2.516
3.347
2.352
2.362
2.258
2.340
3.210
2.296
2.285
2.315
3.306
3.414
3.398
2.314
3.524
2.299
2.302
2.468
3.397
2.286
3.379
2.344
2.271
3.247
2.476
2.332
2.448
3.356
2.271
2.362
2.356
3.469
3.365
2.336
2.304
3.452
2.376
2.303
2.292
4.012
2.311
2.323
2.387
2.230
3.394
3.357
2.236
2.366
3.413
2.266
2.326
2.258
3.337
2.533
2.377
2.290
4.040
2.416
2.370
2.271
2.301
3.334
3.491
3.364
2.304
3.349
2.434
2.268
2.317
3.455
2.283
2.287
2.338
4.043
2.691
3.345
2.303
2.361
3.389
2.275
2.398
2.341
3.276
2.502
2.366
2.333
3.562
2.425
2.274
2.427
3.390
2.294
3.854
2.352
2.308
2.530
2.269
2.298
2.346
3.365
2.356
2.345
2.408
3.384
2.322
2.257
2.293
3.525
2.274
2.156
2.360
2.427
3.217
2.383
2.269
2.229
3.427
3.400
2.297
3.405
3.399
2.262
2.300
2.364
3.332
2.376
2.310
2.371
2.398
3.231
2.180
2.327
2.286
3.388
2.441
2.366
2.167
3.392
2.227
2.374
2.368
3.413
2.214
2.575
2.311
2.409
4.477
2.465
2.343
3.410
3.823
2.290
3.317
2.267
3.293
3.486
2.377
2.329
3.393
2.301
2.238
3.451
4.043
2.353
3.378
2.265
2.508
3.414
2.236
2.231
3.364
3.393
2.300
3.344
2.373
3.421
3.577
2.390
2.303
3.676
2.315
2.251
3.481
5.075
2.259
3.424
3.287
2.365
3.383
2.172
2.417
3.374
3.390
2.272
3.398
2.320
3.339
3.447
2.344
3.333
3.556
3.300
2.292
3.415
3.352
3.356
3.365
2.223
2.337
3.575
2.250
2.546
3.354
3.329
2.475
3.525
2.409
3.313
3.431
2.439
2.485
3.708
2.197
2.313
3.306
4.046
2.546
3.318
2.203
2.395
4.486
2.561
2.326
3.332
3.300
2.310
3.695
3.294
3.383
3.479
3.228
3.341
3.884
2.352
3.291
3.378
3.421
2.199
3.515
3.289
2.292
4.455
2.366
2.223
3.347
3.244
2.280
3.469
2.287
3.376
3.482
2.267
3.298
3.560
2.337
3.398
3.431
3.358
2.385
3.363
2.307
2.367
4.354
2.293
2.319
3.408
3.404
2.301
