3.313
3.359
5.424
3.274
3.329
5.498
3.359
3.341
5.790
3.350
3.376
5.399
3.374
3.423
5.415
3.296
3.359
5.059
3.356
3.282
5.113
3.312
3.476
4.629
3.482
3.330
5.016
3.343
3.389
4.629
3.420
3.520
4.784
3.301
3.314
4.660
3.414
3.410
4.835
3.297
5.160
3.865
3.350
3.305
3.704
3.360
3.505
3.788
3.392
5.105
3.796
3.296
5.195
3.771
3.287
5.143
15.783
3.330
3.618
3.797
3.336
3.610
3.962
3.444
3.659
4.158
3.293
3.560
3.832
3.333
4.076
4.050
3.291
3.739
3.942
3.238
3.620
3.774
3.333
3.567
3.700
3.317
3.695
4.095
3.281
3.810
3.814
3.350
3.527
3.774
3.361
3.663
4.218
3.299
3.755
3.744
3.308
3.679
3.771
3.285
3.769
4.284
3.340
3.793
4.179
3.240
5.644
3.732
3.471
3.594
3.975
3.368
3.566
3.790
3.337
5.447
3.824
3.297
3.653
3.889
3.352
3.753
3.789
3.293
4.080
3.749
3.238
3.762
5.465
3.316
3.789
3.855
3.395
4.064
3.845
3.332
3.694
3.790
3.302
3.841
3.773
3.286
4.056
3.945
3.419
3.587
3.774
3.327
4.404
3.812
3.368
4.405
4.025
3.238
4.268
3.854
3.305
4.307
3.673
3.265
3.618
3.944
3.387
4.335
3.777
3.326
3.321
3.719
5.126
3.417
4.037
5.083
3.436
3.787
3.989
3.330
4.356
3.545
3.545
3.735
3.460
3.329
3.776
3.837
3.312
3.954
3.480
3.487
3.789
3.392
3.319
3.827
3.778
3.333
4.229
3.566
3.616
3.848
3.428
3.292
3.861
3.785
3.341
4.248
3.426
3.567
3.705
3.422
3.470
3.764
3.887
3.436
3.923
3.571
3.527
3.962
3.504
3.381
3.770
4.521
3.347
3.881
3.548
3.339
3.734
3.488
3.412
3.768
4.473
3.346
3.736
3.667
3.415
3.722
3.709
3.427
3.798
4.523
3.399
3.841
3.306
3.323
4.245
4.206
3.424
5.766
3.434
3.316
5.576
3.326
3.366
5.502
3.350
3.452
5.472
3.360
3.393
5.489
3.332
3.360
5.435
3.389
3.417
5.443
3.356
3.460
5.439
3.321
3.406
5.473
3.440
3.398
5.584
3.425
3.348
5.000
3.360
3.355
5.075
3.409
3.527
4.043
3.300
5.168
4.070
3.358
3.391
3.921
3.312
3.968
4.019
3.312
3.650
4.017
3.437
3.609
4.310
3.422
4.064
3.980
3.349
3.828
4.089
3.389
3.683
4.027
3.344
4.188
3.834
3.541
3.734
4.029
3.430
3.866
3.931
3.281
3.942
3.988
3.456
3.634
4.217
3.298
3.749
4.264
4.349
4.034
4.617
3.675
4.384
4.024
4.111
5.989
4.809
6.009
3.455
4.504
3.833
3.516
3.914
3.995
3.427
3.968
4.020
3.481
4.533
3.831
3.543
4.065
3.708
3.472
4.039
3.769
3.327
3.967
3.797
3.384
3.970
3.904
3.520
4.166
3.734
3.424
3.984
4.187
3.517
3.949
3.968
3.348
4.155
3.695
3.425
4.022
4.411
3.389
4.294
4.428
3.477
5.720
3.564
3.453
5.526
3.434
3.356
5.579
3.336
3.366
5.658
3.392
3.348
5.453
3.408
3.401
5.470
3.379
3.327
5.529
3.323
3.488
5.561
3.382
3.388
5.098
3.332
3.383
4.798
3.942
5.151
4.067
3.495
3.631
3.999
3.474
3.711
4.006
3.405
3.930
3.929
3.365
3.761
4.120
3.304
4.372
4.034
3.336
3.796
4.026
3.366
3.935
3.975
3.448
3.938
3.989
3.429
3.731
3.928
3.330
4.425
4.030
3.458
4.338
4.095
5.223
3.427
3.954
5.147
3.413
4.049
3.589
3.338
4.094
3.817
3.373
4.015
3.974
3.718
3.934
4.064
3.438
3.932
3.772
3.385
4.056
4.011
3.437
4.015
4.005
3.383
3.923
3.771
3.411
3.826
4.531
3.329
4.073
4.060
3.604
3.940
3.837
3.398
3.995
3.852
3.338
4.091
3.771
3.473
4.000
4.406
3.576
3.974
4.425
3.431
5.631
3.414
3.454
5.562
3.487
3.499
6.924
4.005
4.040
3.427
4.100
3.456
3.448
3.987
4.360
3.515
5.441
3.396
3.495
5.443
3.394
3.331
5.435
3.431
3.360
5.537
3.312
3.370
5.493
3.348
3.340
20.592
3.310
3.527
5.509
3.332
3.461
4.908
3.493
3.895
4.159
3.396
3.760
4.094
3.410
3.733
3.777
3.306
3.746
3.928
3.484
3.825
4.014
3.395
4.059
4.242
3.471
3.782
4.033
3.248
3.561
3.930
3.350
4.290
3.982
5.135
3.622
4.240
5.142
3.413
4.130
3.572
3.316
3.928
3.566
3.375
4.087
3.566
3.312
3.912
4.185
3.308
3.737
3.769
3.356
4.117
3.846
3.307
3.745
3.727
3.283
3.852
4.257
3.418
4.089
4.511
3.417
5.353
3.364
3.380
5.478
3.306
3.429
5.489
3.286
3.299
5.443
3.305
3.319
5.460
3.295
3.429
5.401
3.285
3.421
5.565
3.294
3.388
5.600
3.233
3.414
5.501
3.363
3.418
4.966
3.281
3.620
3.788
3.395
3.739
3.849
3.374
3.546
3.839
3.508
3.777
3.802
3.391
3.880
4.419
3.405
3.716
3.918
3.342
3.769
3.894
3.395
3.724
3.836
3.354
3.604
3.832
3.440
3.850
3.841
3.358
4.409
3.783
3.665
3.467
4.500
3.580
3.411
3.795
3.719
3.475
3.774
3.809
3.458
3.793
3.666
3.461
3.779
3.782
3.501
3.902
3.668
3.446
3.869
3.691
3.462
3.852
3.769
3.490
3.924
3.699
3.490
3.875
4.241
3.428
3.729
4.327
3.327
3.815
3.332
3.426
5.391
3.319
3.343
5.427
3.313
3.343
5.404
3.347
3.333
5.638
3.291
3.411
5.396
3.685
3.377
5.389
3.269
3.465
4.914
3.359
5.083
4.041
3.424
5.077
3.757
3.331
3.597
3.784
3.413
3.758
4.326
3.323
3.568
3.979
3.343
3.610
3.824
3.406
3.665
3.831
3.414
3.628
3.830
3.383
3.644
3.858
3.408
4.332
5.416
3.338
4.326
3.677
5.115
3.437
3.979
3.691
3.357
3.937
3.705
3.377
3.799
3.852
3.341
4.063
3.618
3.387
3.991
3.829
3.333
3.782
3.851
3.396
3.811
4.203
3.430
5.388
3.383
3.430
5.386
3.294
3.485
5.545
3.302
3.342
5.687
3.317
3.392
5.430
3.441
3.352
5.430
3.314
3.397
4.800
3.401
3.366
4.296
3.428
5.097
3.775
3.386
3.844
3.919
3.286
3.745
3.831
3.299
3.764
3.801
3.478
3.831
3.794
3.487
3.857
3.826
3.429
4.308
3.693
5.129
3.333
3.966
3.583
3.344
3.836
3.545
3.454
3.724
3.689
3.434
3.860
3.763
3.542
3.734
3.711
3.338
3.702
4.294
3.370
3.866
3.857
3.354
3.849
3.578
3.448
3.912
3.625
3.340
3.776
4.395
3.449
3.788
4.252
3.412
5.484
3.283
3.506
5.539
3.323
3.394
5.489
3.326
3.499
5.504
3.302
3.447
5.445
18.413
3.475
5.466
3.293
3.345
4.800
3.433
5.213
3.960
3.465
3.674
3.932
3.363
4.241
3.932
3.447
4.189
3.833
3.501
7.994
3.638
3.321
3.553
3.641
3.339
3.406
5.538
3.312
3.440
3.685
4.265
3.298
3.674
3.613
3.316
3.796
3.351
3.682
4.362
3.267
3.421
5.481
3.279
3.330
3.835
4.355
3.317
3.634
3.500
3.321
3.680
3.335
3.471
3.623
3.377
3.316
4.478
3.278
3.417
9.586
3.314
3.310
3.659
3.746
3.390
3.862
3.582
3.314
3.832
3.402
3.547
3.684
3.384
3.514
3.856
3.456
3.289
5.634
3.303
3.431
5.594
3.285
3.410
3.853
3.520
3.364
3.746
3.435
3.342
3.660
3.457
3.651
3.888
3.362
5.144
3.593
3.485
3.460
5.479
3.385
3.391
4.007
4.337
3.335
3.701
3.436
3.296
3.806
3.527
3.499
3.766
3.423
3.572
3.665
3.350
3.344
5.489
3.374
3.316
5.452
3.388
3.374
3.711
3.499
3.414
3.679
4.260
3.310
3.930
3.415
3.724
3.800
3.338
3.569
5.590
3.338
3.389
5.608
3.486
3.336
3.718
4.226
3.342
3.995
3.552
3.353
3.940
