16.131
8.563
7.721
6.286
6.957
5.768
4.489
6.051
4.638
4.675
5.726
4.274
5.457
5.750
5.459
5.663
4.227
5.477
3.795
6.000
3.839
5.533
4.395
3.589
4.310
3.900
4.334
3.633
5.453
4.263
3.509
5.856
3.345
4.279
3.702
4.094
3.389
5.759
3.963
3.371
5.451
3.370
4.003
3.535
4.161
4.037
3.727
3.893
3.548
5.502
3.418
4.032
5.601
3.610
4.309
4.348
4.095
4.385
5.404
3.788
3.469
5.626
3.480
4.306
4.488
3.804
3.697
3.505
6.278
3.419
5.404
4.371
4.123
4.050
3.379
3.963
4.058
3.811
3.332
5.408
3.838
3.379
4.215
3.507
4.035
3.357
3.732
3.696
3.537
3.972
3.483
5.437
3.339
4.038
4.222
3.425
4.039
3.392
3.798
3.530
5.318
3.824
3.343
5.437
3.692
3.966
3.567
3.995
3.942
3.648
3.944
3.223
4.126
3.236
5.356
4.154
4.223
3.848
5.355
4.280
3.295
5.378
3.351
4.082
3.991
3.418
4.135
3.377
3.770
3.271
5.304
3.670
3.378
5.365
3.333
3.902
3.483
3.820
3.932
3.592
3.746
3.260
4.202
3.289
4.004
3.554
3.911
4.023
3.642
3.795
3.379
4.421
3.371
4.291
4.202
3.349
3.785
3.334
3.898
3.246
5.430
6.134
3.320
5.277
3.781
4.124
3.309
3.975
4.251
3.415
3.938
3.365
4.226
3.226
4.007
4.213
3.353
3.845
3.395
3.904
3.244
5.426
3.645
3.393
4.309
3.293
3.743
3.274
4.042
3.648
3.433
3.902
3.362
4.263
3.302
4.024
4.075
3.260
4.031
3.592
3.805
3.314
5.389
3.938
3.450
4.343
5.347
4.087
3.251
5.251
3.892
5.434
4.261
3.397
5.278
3.347
3.952
3.911
3.267
3.945
3.582
3.878
3.434
4.278
3.844
3.333
4.224
3.282
3.788
3.418
3.857
3.288
4.419
3.893
3.262
5.304
3.215
3.992
3.292
4.124
4.102
3.484
3.788
3.245
4.150
3.320
4.258
3.962
3.299
3.958
3.271
3.955
3.217
5.283
5.397
4.121
4.317
4.045
5.259
3.486
3.945
3.816
3.371
3.701
3.324
4.255
3.242
4.121
3.997
3.382
3.850
3.514
3.899
3.270
5.322
3.760
3.310
4.327
3.289
3.838
3.272
3.996
3.920
3.526
3.801
3.236
4.365
3.230
3.940
4.094
3.258
3.877
3.327
3.907
3.251
5.386
3.766
3.344
4.002
3.257
3.662
5.468
3.739
5.311
3.533
5.298
4.372
4.285
3.189
3.834
3.901
3.274
3.595
3.318
3.802
3.212
5.355
3.804
3.301
4.093
3.455
3.739
3.423
3.974
3.228
4.134
3.713
3.343
4.179
3.232
3.912
3.388
4.098
3.728
3.487
4.037
3.282
5.262
3.508
3.947
4.199
3.270
3.670
3.427
3.774
3.248
5.343
3.947
5.369
4.234
4.270
4.509
3.960
3.953
3.962
3.556
4.002
3.215
4.268
3.228
4.015
4.047
3.256
3.894
3.317
3.894
3.239
5.332
3.932
3.304
5.337
3.188
4.047
3.282
3.670
3.872
3.508
3.840
3.306
5.264
3.206
4.054
3.865
3.284
4.120
3.475
4.048
3.327
5.292
3.821
3.345
4.166
3.470
4.014
4.038
3.933
5.350
4.101
5.260
3.754
5.287
3.204
3.870
4.050
3.281
3.838
3.645
3.826
3.207
5.298
3.952
3.315
5.312
3.302
3.923
3.457
4.096
3.927
3.698
3.715
3.239
5.376
3.200
3.892
4.044
3.359
3.744
3.405
3.773
3.193
5.383
3.902
3.279
4.176
3.226
3.874
3.292
4.016
4.004
3.531
4.068
3.205
5.413
3.152
3.767
5.318
3.238
3.823
3.409
3.902
3.259
5.345
3.750
3.247
4.178
3.261
3.823
3.273
3.893
3.727
3.442
3.781
3.325
4.108
3.256
4.098
4.189
3.354
3.963
3.442
3.717
3.206
5.281
3.811
3.276
4.292
3.252
3.853
3.247
4.171
3.791
3.369
3.821
3.286
4.185
3.306
4.011
3.832
3.798
3.943
3.377
3.771
3.336
5.267
4.290
3.325
5.455
3.224
4.011
3.487
4.013
3.688
3.274
3.899
3.230
4.099
3.173
4.122
3.935
3.494
3.870
3.269
3.859
3.267
5.322
3.839
3.371
4.099
3.268
3.928
3.288
3.839
3.582
3.388
3.769
3.321
5.304
3.290
4.009
3.863
3.395
3.762
3.299
4.071
3.218
5.258
3.861
3.252
4.848
3.259
4.372
3.720
3.816
3.735
3.481
4.013
3.236
5.234
3.210
3.894
3.886
3.273
3.953
3.244
3.779
3.231
5.275
3.924
3.252
5.336
3.271
3.826
3.224
3.802
4.225
5.748
3.479
3.829
3.259
5.288
3.226
3.972
4.331
3.234
4.069
3.389
3.890
3.328
4.172
3.795
3.329
4.269
3.213
4.079
3.805
3.802
3.916
3.559
3.755
3.408
5.320
3.284
4.018
4.348
3.366
3.801
3.280
3.749
3.196
5.295
3.802
3.276
5.347
3.240
3.756
3.267
3.976
3.908
3.427
3.670
3.581
5.262
3.175
3.914
4.318
3.183
3.593
3.273
3.824
3.292
5.349
3.801
3.298
5.411
3.198
3.896
3.262
3.919
3.835
4.154
3.667
3.299
5.277
3.273
4.181
4.820
3.394
3.704
3.543
3.870
3.264
5.314
3.652
3.255
4.160
3.240
4.060
3.572
3.921
3.957
3.506
3.692
3.206
5.320
3.256
3.801
4.140
3.626
3.721
3.406
3.789
3.268
5.340
3.687
3.289
5.398
3.253
4.009
3.278
3.865
3.857
3.411
4.106
3.341
5.257
3.359
4.237
4.269
3.546
3.931
5.338
5.136
3.762
5.312
4.033
3.274
4.235
3.170
4.023
3.328
3.727
4.036
3.551
3.638
3.218
5.292
3.145
4.015
4.152
3.292
3.809
3.541
3.804
3.186
5.257
4.025
3.264
5.336
3.228
3.935
3.580
3.897
3.960
3.438
3.851
3.258
5.268
3.231
3.982
4.321
3.235
3.913
3.318
3.713
3.272
5.227
4.079
3.245
5.610
3.338
3.748
3.400
3.730
3.945
3.585
4.088
3.181
5.266
3.333
3.936
4.158
3.303
3.855
3.435
3.826
3.242
5.477
3.981
3.402
5.237
3.207
3.840
3.276
3.819
3.991
3.461
3.725
3.208
5.284
3.216
3.872
4.195
3.297
3.783
3.244
3.988
3.950
4.153
3.671
3.269
5.287
3.690
4.175
5.421
3.555
5.655
3.689
3.861
3.235
4.445
4.020
3.283
5.263
3.502
3.902
3.316
3.688
4.213
3.457
3.567
3.208
5.251
3.280
3.840
4.135
3.243
3.686
3.188
3.812
3.264
5.425
4.293
3.292
5.307
3.225
3.887
4.046
3.305
3.963
3.474
3.797
3.336
5.232
3.918
3.426
5.422
3.251
4.256
5.256
4.633
5.331
4.203
3.831
3.259
5.405
3.984
3.457
5.332
3.204
3.893
3.320
3.907
3.859
3.434
3.753
3.183
5.237
3.247
3.903
4.289
3.379
3.641
3.525
3.824
3.274
4.212
3.778
3.315
5.343
3.289
4.007
4.181
3.360
3.909
3.577
3.926
3.420
5.205
4.157
3.271
5.449
3.284
4.191
4.643
4.282
5.285
5.304
3.783
3.232
5.308
3.901
3.283
5.339
3.212
3.852
3.262
4.240
3.956
3.267
3.915
3.260
5.278
3.176
3.983
5.276
3.407
3.824
3.207
3.730
3.224
4.716
3.930
3.270
5.224
3.200
3.870
4.115
3.239
4.023
3.618
3.708
3.323
5.245
3.768
3.289
5.331
3.273
5.295
3.953
4.225
5.339
3.581
3.961
3.282
5.229
3.944
3.269
5.341
3.238
4.204
3.189
3.895
3.750
3.470
4.006
3.232
5.371
3.839
3.282
5.275
3.261
3.958
3.467
4.033
3.891
3.581
3.715
3.228
5.295
3.914
3.281
5.261
3.246
3.922
3.390
3.885
4.028
3.542
3.915
3.181
5.237
3.378
4.047
5.370
3.707
3.968
3.566
5.295
4.397
3.708
3.647
3.280
5.269
3.197
3.698
4.112
3.256
3.865
3.220
3.685
3.204
4.287
3.884
3.209
5.216
3.160
4.018
3.937
3.291
3.764
3.347
3.789
3.183
5.326
3.931
3.254
5.282
3.219
4.084
3.709
3.855
3.995
3.525
3.738
3.263
5.311
3.748
3.235
5.197
3.430
