3.620
3.226
3.139
3.554
3.169
3.166
3.383
3.193
3.204
3.146
3.121
3.154
3.246
3.182
3.131
3.198
3.158
3.210
3.169
3.127
3.184
3.276
3.173
3.137
3.225
3.164
3.180
3.118
3.115
3.237
3.444
3.189
3.114
3.387
3.182
3.122
3.379
3.100
3.141
3.224
3.149
3.232
3.158
3.162
3.156
3.229
3.155
3.176
3.263
3.171
3.178
3.187
3.171
3.199
3.165
3.096
3.182
3.237
3.158
3.201
3.237
3.130
3.259
3.692
3.186
3.132
3.438
3.136
3.194
3.224
3.102
3.233
3.368
3.130
3.126
3.661
3.187
3.126
3.177
3.152
3.139
3.278
3.081
3.148
3.222
3.262
3.209
3.206
3.122
3.165
3.165
3.091
3.195
3.279
3.198
3.199
3.188
3.127
3.171
3.277
3.191
3.891
3.443
3.078
3.170
3.188
3.141
3.196
3.124
3.125
3.665
3.322
3.182
3.183
3.493
3.128
3.211
3.402
3.224
3.217
3.531
3.186
3.113
3.437
3.184
3.174
3.326
3.112
3.210
3.841
3.568
3.158
3.533
3.116
3.105
3.265
3.144
3.209
3.411
3.179
3.122
3.304
3.210
3.192
3.420
3.130
3.193
3.935
3.173
3.166
3.127
3.710
3.235
3.192
3.127
3.131
3.351
3.384
3.234
3.194
4.075
3.225
3.235
3.099
3.152
3.268
3.150
3.154
3.157
3.179
3.133
3.195
3.153
3.138
3.418
3.254
3.213
3.143
3.101
3.248
3.198
3.132
3.220
3.297
3.150
3.110
3.175
3.154
3.139
3.169
3.107
3.237
3.258
3.121
3.138
3.189
3.126
3.170
3.236
3.175
3.197
3.212
3.279
3.151
3.199
3.125
3.179
3.190
3.135
3.229
3.192
3.166
3.233
3.229
3.208
3.135
3.255
3.162
3.164
3.272
3.188
3.118
3.194
3.117
3.171
3.180
3.162
3.189
3.347
3.223
3.185
3.161
3.233
3.179
3.223
3.163
3.125
3.198
3.166
3.740
3.132
3.746
3.166
3.136
3.153
3.825
3.158
3.184
3.207
3.164
3.126
3.220
3.120
3.110
3.196
3.217
3.208
3.095
3.252
3.123
3.137
3.210
3.195
3.176
3.122
3.110
3.222
3.191
3.162
3.198
3.257
3.160
3.186
3.275
3.132
3.151
3.264
3.166
3.137
3.174
3.192
3.212
3.209
3.144
3.201
3.183
3.127
3.275
3.194
3.207
3.186
3.239
3.138
3.203
3.246
3.161
3.162
3.146
3.171
3.270
3.199
3.118
3.174
3.187
3.157
3.259
3.172
3.145
3.252
3.212
3.180
3.204
3.220
3.144
3.161
3.225
3.148
3.186
3.344
3.116
3.159
3.176
3.180
3.172
3.228
3.132
3.205
3.181
3.140
3.173
3.175
3.135
3.178
3.197
3.177
3.289
3.257
3.208
3.166
3.187
3.133
3.153
3.159
3.218
3.309
3.209
3.137
3.168
3.228
3.161
3.188
3.229
3.168
3.161
3.150
3.204
3.206
3.257
3.164
3.145
3.256
3.178
3.151
3.160
3.146
3.207
3.182
3.150
3.183
3.163
3.121
3.166
3.212
3.217
3.238
3.193
3.119
3.237
3.216
3.142
3.274
3.190
3.185
3.178
3.233
3.156
3.183
3.169
3.126
3.190
3.234
3.156
3.214
3.201
3.158
3.174
3.223
3.101
3.269
3.288
3.183
3.175
3.164
3.149
3.157
3.173
3.153
3.222
3.174
3.143
3.183
3.204
3.126
3.207
3.246
3.222
3.163
3.209
3.111
3.151
3.192
3.133
3.168
3.236
3.166
3.212
3.254
3.152
3.189
3.170
3.138
3.163
3.216
3.169
3.217
3.178
3.199
3.195
3.166
3.140
3.217
3.175
3.163
3.179
3.234
3.163
3.143
3.214
3.141
3.180
3.228
3.148
3.151
3.236
3.129
3.174
3.183
3.144
3.189
3.215
3.134
3.247
3.212
3.162
3.220
3.195
3.150
3.308
3.162
3.179
3.159
3.226
3.113
3.279
3.236
3.170
3.156
3.183
3.170
3.181
3.238
3.153
3.161
3.181
3.183
3.211
3.171
3.146
3.176
3.190
3.195
3.177
3.343
3.222
3.222
3.207
3.185
3.179
3.198
3.101
3.163
3.167
3.191
3.162
3.180
3.156
3.178
3.202
3.145
3.151
3.181
3.117
3.194
3.209
3.170
3.160
3.192
3.209
3.189
3.180
3.152
3.172
3.182
3.135
3.262
3.171
3.134
3.151
3.212
3.178
3.179
3.170
3.129
3.242
3.212
3.185
3.150
3.208
3.151
3.113
3.242
3.151
3.203
3.202
3.134
3.177
3.245
3.155
3.189
3.197
3.278
3.181
3.160
3.127
3.124
3.247
3.106
3.138
3.235
3.152
3.157
3.252
3.137
3.183
3.176
3.134
3.183
3.214
3.125
3.197
3.169
3.163
3.169
3.174
3.132
3.188
3.208
3.125
3.207
3.183
3.281
3.219
3.208
3.163
3.134
3.177
3.129
3.187
3.163
3.100
3.178
3.226
3.191
3.170
3.248
3.136
3.232
3.186
3.181
3.259
3.188
3.105
3.193
3.209
3.217
3.225
3.222
3.134
3.172
3.175
3.178
3.137
3.209
3.171
3.204
3.239
3.123
3.233
3.149
3.113
3.332
3.160
3.134
3.134
3.196
3.161
3.188
3.169
3.166
3.163
3.147
3.156
3.167
3.153
3.221
3.189
3.297
3.150
3.260
3.145
3.136
3.201
3.153
3.111
3.175
3.139
3.135
3.248
3.236
3.172
3.180
3.153
3.148
3.178
3.175
3.120
3.235
3.231
3.091
3.206
3.180
3.164
3.158
3.306
3.180
3.372
3.261
3.157
3.141
3.211
3.152
3.130
3.155
3.165
3.179
3.181
3.114
3.282
3.148
3.146
3.183
3.213
3.243
3.187
3.149
3.247
3.433
3.514
3.233
3.119
3.163
3.203
3.188
3.255
3.916
3.790
3.897
4.011
3.891
4.212
3.526
3.725
3.470
3.259
3.452
3.460
4.271
3.843
3.926
3.698
3.336
3.232
3.180
3.104
3.185
3.216
3.124
3.159
3.182
3.112
3.218
3.219
3.147
3.178
3.204
3.138
3.210
3.215
3.142
3.218
3.231
3.186
3.114
3.279
3.155
3.149
3.246
3.142
3.228
3.270
3.150
3.124
3.207
3.150
3.192
3.183
3.110
3.170
3.178
3.128
3.158
3.214
3.182
3.117
3.185
3.130
3.158
3.218
3.138
3.229
3.195
3.135
3.200
3.154
3.093
3.144
3.236
3.291
3.160
3.177
3.169
3.179
3.199
3.153
3.212
3.216
3.144
3.132
3.241
3.130
3.149
3.205
3.175
3.177
3.212
3.139
3.175
3.423
3.143
3.158
3.167
3.112
3.192
3.193
3.119
3.145
3.198
3.125
3.186
3.233
3.119
3.156
3.174
3.107
3.154
3.186
3.143
3.232
3.192
3.139
3.164
3.191
3.140
3.223
3.202
3.123
3.140
3.176
3.162
3.186
3.261
3.157
3.206
3.235
3.130
3.172
3.161
3.140
3.209
3.171
3.176
3.133
3.214
3.162
3.183
3.152
3.142
3.152
3.179
3.141
3.199
3.191
3.275
3.191
3.172
3.161
3.102
3.187
3.098
3.256
3.199
3.125
3.625
3.214
3.068
3.170
3.170
3.074
3.153
3.205
3.125
3.693
3.161
3.105
3.628
3.203
3.137
3.782
3.184
3.146
3.635
3.178
3.115
3.680
3.225
3.146
3.783
3.165
3.124
3.803
3.204
3.774
3.189
3.159
3.161
3.737
3.167
3.127
3.819
3.213
3.683
3.194
3.161
3.724
3.217
3.235
3.802
3.201
3.184
3.126
3.233
3.190
3.626
3.191
3.195
3.654
3.147
3.135
3.092
3.179
3.219
3.492
3.144
3.206
3.208
3.194
3.215
3.186
3.152
3.259
3.186
3.205
3.171
3.145
3.140
3.152
3.132
3.228
3.261
3.152
3.264
3.212
3.106
3.224
3.174
3.189
3.271
3.145
3.186
3.160
3.233
3.112
3.187
3.170
3.104
3.141
3.197
3.265
3.174
3.211
3.159
3.200
3.216
3.172
3.253
3.291
3.219
3.135
3.223
3.218
3.181
3.318
3.096
3.162
3.301
3.172
3.206
3.153
3.108
3.173
3.195
3.156
3.114
3.313
3.147
3.223
3.236
3.167
3.158
3.164
3.163
3.180
3.119
3.094
3.122
3.186
3.249
3.211
3.164
3.167
3.168
3.227
3.151
3.223
3.175
3.149
3.169
3.205
3.150
3.170
