1.260
1.152
1.092
1.222
1.125
1.058
1.918
1.136
1.136
1.365
1.142
1.080
1.269
1.085
1.040
1.214
1.143
1.617
1.160
1.143
1.084
1.235
1.103
1.076
1.234
1.108
1.093
1.963
1.062
1.079
1.215
1.168
1.061
1.166
1.433
1.123
1.215
1.793
1.140
1.237
1.129
1.102
1.228
1.103
1.086
1.176
1.110
1.709
1.202
1.166
1.092
1.191
1.113
1.129
1.126
1.102
1.088
1.277
1.639
1.124
1.240
1.114
1.131
1.195
1.165
1.081
1.156
1.123
1.629
1.234
1.133
1.103
1.161
1.213
1.048
1.174
1.185
1.100
1.950
1.088
1.037
1.183
1.131
1.102
1.261
1.107
1.136
1.215
1.743
1.112
1.227
1.145
1.099
1.249
1.180
1.089
1.233
1.210
2.372
1.189
1.093
1.099
1.164
1.109
1.056
1.205
1.110
1.081
3.046
1.015
1.049
1.180
1.118
1.065
1.170
1.158
1.069
1.278
1.778
1.054
1.144
1.165
1.113
1.191
1.163
1.126
1.240
1.108
1.592
1.170
1.191
1.071
1.270
1.192
1.113
1.171
1.164
1.090
2.010
1.114
1.043
1.165
1.169
1.088
1.227
1.120
1.064
1.324
1.752
1.103
1.298
1.128
1.096
1.198
1.116
1.165
1.175
1.162
1.697
1.283
1.077
1.095
1.230
1.130
1.072
1.251
1.167
1.626
1.262
1.108
1.078
1.250
1.133
1.078
1.208
1.107
1.052
1.182
1.701
1.117
1.168
1.134
1.144
1.177
1.142
1.041
1.182
2.997
1.061
1.188
1.148
1.115
1.223
1.162
1.117
1.234
1.740
1.112
1.249
1.093
1.051
1.160
1.178
1.101
1.239
1.082
1.791
1.177
1.212
1.135
1.236
1.124
1.064
1.174
1.073
1.643
1.246
1.160
1.080
1.171
1.145
1.088
1.197
1.076
1.092
1.846
1.117
1.037
1.218
1.069
1.078
1.217
1.265
1.076
1.836
1.114
1.142
1.198
1.070
1.064
1.152
1.152
1.613
1.177
1.092
1.122
1.228
1.103
1.054
1.221
1.104
1.080
1.840
1.091
1.041
1.330
1.109
1.085
1.242
1.114
1.123
1.950
1.096
1.063
1.225
1.248
1.106
1.253
1.090
1.089
1.824
1.118
1.059
1.197
1.116
1.085
1.196
1.115
1.044
1.962
1.139
1.109
1.213
1.087
1.058
1.227
1.151
1.088
1.910
1.120
1.069
1.186
1.065
1.088
1.307
1.144
1.037
1.769
1.119
1.085
1.239
1.143
1.067
1.196
1.076
1.140
1.856
1.052
1.094
1.192
1.125
1.066
1.177
1.112
1.078
2.001
1.102
1.105
1.195
1.139
1.109
1.197
1.105
1.068
1.854
1.068
1.102
1.236
1.052
1.126
1.252
1.101
1.127
1.833
1.062
1.061
1.259
1.091
1.156
1.218
1.148
1.716
1.310
1.119
1.079
1.268
1.184
1.052
1.188
1.088
1.067
1.720
1.145
1.097
1.209
1.115
1.092
1.286
1.094
1.062
2.034
1.079
1.105
1.229
1.142
1.144
1.237
1.135
1.031
1.892
1.141
1.039
1.217
1.123
1.091
1.150
1.078
1.082
1.737
1.179
1.114
1.187
1.087
1.046
1.144
1.127
1.091
1.744
1.109
1.181
1.186
1.106
1.069
1.339
1.089
1.033
1.695
1.151
1.147
1.211
1.108
1.074
1.255
1.141
1.142
1.812
1.067
1.090
1.272
1.136
1.080
1.209
1.138
1.109
1.959
1.092
1.071
1.193
1.156
1.076
1.227
1.125
1.119
1.830
1.091
1.084
1.250
1.129
1.402
1.234
1.117
1.715
1.189
1.105
1.127
1.270
1.156
1.164
1.300
1.115
1.630
1.146
1.136
1.071
1.212
1.088
1.094
1.266
1.125
1.553
1.213
1.181
1.088
1.265
1.113
1.075
1.234
1.100
1.662
1.275
1.164
1.056
1.269
1.212
1.084
1.148
1.119
1.712
1.156
1.085
1.107
1.250
1.149
1.095
1.245
1.744
1.173
1.238
1.114
1.107
1.214
1.178
1.102
1.209
1.775
1.091
1.260
1.124
1.141
1.211
1.072
1.080
1.910
1.044
1.155
1.191
1.163
1.084
1.145
1.120
1.106
1.194
1.772
1.063
1.255
1.106
1.125
1.217
1.158
1.075
1.216
1.727
1.113
1.259
1.103
1.080
1.270
1.133
1.095
1.920
1.091
1.123
1.254
1.187
1.188
1.225
1.139
1.073
1.867
1.149
1.155
1.191
1.155
1.148
1.237
1.134
1.759
1.268
1.130
1.084
1.349
1.143
1.046
1.252
1.181
1.626
1.257
1.088
1.177
1.210
1.223
1.112
1.212
1.116
1.734
1.247
1.140
1.113
1.255
1.124
1.070
1.205
1.143
1.634
1.298
1.132
1.099
1.226
1.141
1.077
1.240
1.116
1.602
1.302
1.174
1.078
1.192
1.145
1.092
1.276
1.760
1.141
1.246
1.115
1.099
1.232
1.082
1.057
1.206
1.666
1.053
1.162
1.117
1.068
1.283
1.165
1.072
1.168
1.751
1.057
1.276
1.118
1.207
1.331
1.122
1.133
1.189
1.643
1.101
1.284
1.170
1.078
1.171
1.111
1.158
1.755
1.137
1.067
1.193
1.064
1.102
1.206
1.079
1.143
1.984
1.045
1.095
1.195
1.120
1.080
1.247
1.256
1.111
1.883
1.188
1.055
1.177
1.138
1.060
1.254
1.104
1.151
1.861
1.139
1.075
1.230
1.104
1.098
1.265
1.123
1.750
1.187
1.133
1.128
1.172
1.082
1.065
1.181
1.157
1.721
1.317
1.120
1.067
1.212
1.138
1.110
1.242
1.142
1.605
1.182
1.132
1.103
1.176
1.146
1.141
1.241
1.809
1.122
1.275
1.169
1.224
1.215
1.093
1.090
1.251
1.750
1.057
1.297
1.141
1.093
1.313
1.091
1.089
1.212
1.636
1.070
1.211
1.115
1.138
1.256
1.078
1.061
1.273
1.632
1.024
1.230
1.080
1.052
1.276
1.206
1.086
1.861
1.235
1.069
1.273
1.109
1.095
1.217
1.166
1.091
1.848
1.058
1.292
1.234
1.146
1.081
1.192
1.174
1.070
1.907
1.116
1.062
1.180
1.145
1.074
1.169
1.101
1.643
1.223
1.101
1.037
1.179
1.147
1.075
1.280
1.137
1.646
1.290
1.120
1.098
1.193
1.159
1.081
1.263
1.107
1.744
1.194
1.141
1.088
1.311
1.074
1.072
1.265
1.144
1.704
1.199
1.180
1.117
1.302
1.110
1.148
1.256
1.702
1.094
1.200
1.177
1.081
1.290
1.222
1.081
1.207
1.790
1.112
1.215
1.145
1.116
1.257
1.129
1.078
1.249
2.013
1.073
1.226
1.123
1.107
1.269
1.168
1.081
1.251
1.666
1.105
1.224
1.142
1.102
1.256
1.146
1.118
1.945
1.107
1.136
1.201
1.142
1.062
1.207
1.155
1.128
1.944
1.060
1.114
1.218
1.243
1.129
1.329
1.122
1.110
1.788
1.180
1.113
1.263
1.191
1.080
1.216
1.149
1.734
1.253
1.124
1.062
1.147
1.132
1.037
1.220
1.071
1.664
1.227
1.284
1.108
1.216
1.096
1.124
1.226
1.136
1.667
1.262
1.086
1.049
1.200
1.102
1.066
1.166
1.781
1.154
1.240
1.162
1.093
1.263
1.118
1.104
1.270
1.746
1.145
1.168
1.152
1.057
1.198
1.145
1.164
1.993
1.074
1.112
1.258
1.147
1.080
1.232
1.149
1.122
1.881
1.184
1.175
1.285
1.207
1.074
1.160
1.156
1.263
1.884
1.150
1.063
1.206
1.117
1.082
1.262
1.091
1.096
1.883
1.109
1.130
1.212
1.104
1.104
1.243
1.128
1.729
1.211
1.140
1.091
1.229
1.117
1.138
1.271
1.707
1.087
1.223
1.173
1.119
1.205
1.128
1.088
1.218
1.832
1.089
1.168
1.139
1.154
1.315
1.118
1.117
1.282
1.764
1.077
1.213
1.150
1.063
1.235
1.117
1.145
1.837
1.160
1.111
1.262
1.140
1.098
1.255
1.196
1.081
1.764
1.212
1.154
1.172
1.158
1.127
1.174
1.167
1.156
1.702
1.158
1.112
1.322
1.118
1.148
1.335
1.147
1.574
1.196
1.168
1.111
1.254
1.107
1.131
1.206
1.655
1.059
1.307
1.072
1.121
1.269
1.140
1.067
1.199
1.663
1.090
1.224
1.228
1.120
1.212
1.064
1.075
1.194
1.579
1.052
1.211
