1.867
1.893
1.713
2.291
1.873
1.752
1.675
3.214
1.705
2.107
1.699
3.104
1.737
1.793
1.836
3.135
1.784
1.660
1.740
3.134
1.730
1.685
1.723
1.718
2.350
1.766
1.718
1.705
3.259
1.751
1.932
1.751
3.119
1.793
1.775
1.646
3.158
1.680
1.588
1.833
1.793
2.384
1.793
1.788
1.793
2.287
1.680
1.684
1.681
3.186
1.783
1.647
1.874
3.159
1.822
1.733
1.943
3.169
1.793
1.749
1.664
2.406
1.678
1.721
1.812
1.627
3.139
1.750
1.785
1.626
3.228
1.761
1.710
1.791
3.175
1.794
1.760
1.682
3.181
1.784
1.751
1.816
2.505
1.781
1.780
1.749
1.664
3.190
1.797
1.758
1.779
3.241
1.621
1.849
1.828
3.088
1.828
1.782
1.689
3.224
1.780
1.711
1.693
3.143
1.801
1.803
1.703
1.672
2.293
1.924
1.730
1.684
3.185
1.679
1.842
1.749
3.118
1.825
1.737
1.649
3.232
1.722
1.682
1.782
1.723
2.398
1.755
1.664
1.767
3.194
1.763
1.758
1.871
3.144
1.859
1.628
1.736
3.178
1.711
1.833
1.674
3.179
1.848
1.693
1.811
1.729
2.441
1.706
1.789
1.709
2.355
1.766
1.706
1.753
3.192
1.741
1.687
1.848
3.115
1.751
1.756
1.763
3.143
1.855
1.641
1.638
2.633
1.809
1.744
1.853
1.867
3.190
1.749
1.642
1.951
3.180
1.761
1.787
1.805
3.158
1.775
1.799
1.659
3.170
1.808
1.790
1.875
1.826
2.335
1.716
1.714
1.691
2.479
1.800
1.683
1.675
3.286
1.677
1.706
1.748
2.151
1.800
1.754
1.718
3.190
1.809
1.742
1.806
2.500
1.685
1.749
1.794
1.752
3.119
1.834
1.803
1.751
3.176
1.793
1.733
1.757
3.198
1.789
1.826
1.662
3.187
1.837
1.713
1.694
3.193
1.665
1.835
1.755
1.697
2.501
1.738
1.685
1.688
3.194
1.789
1.717
1.706
3.178
1.820
1.785
1.630
3.125
1.889
1.843
1.841
3.170
1.613
1.634
1.737
3.147
1.695
1.889
1.740
1.683
2.431
1.690
1.692
1.861
3.148
1.700
1.917
1.652
3.160
1.828
1.690
1.804
3.181
1.674
1.715
1.835
2.387
1.815
1.772
1.709
1.812
2.495
1.678
1.715
1.840
2.445
1.598
1.773
1.686
3.179
1.813
1.712
1.706
3.208
1.852
1.816
1.768
3.145
1.830
1.808
1.684
1.668
2.400
1.647
1.724
1.738
3.153
1.800
1.713
1.688
3.151
1.895
1.889
1.764
3.185
1.741
1.686
1.804
3.132
1.762
2.004
1.703
3.188
1.742
1.638
1.728
3.224
1.710
1.810
1.977
1.675
2.579
1.703
1.849
1.674
3.202
1.751
1.843
1.786
3.167
1.655
1.824
1.618
3.214
1.846
1.785
1.762
3.186
1.761
1.747
1.782
1.670
2.269
1.868
1.805
1.713
2.390
1.704
1.749
1.848
3.133
1.759
1.819
1.806
3.213
1.841
1.619
1.861
3.460
1.752
1.771
1.700
3.115
1.801
1.740
1.689
3.129
1.818
1.742
1.769
1.764
2.394
1.773
1.821
1.763
2.307
1.786
1.707
1.850
3.183
1.774
1.728
1.775
3.117
1.704
1.781
1.710
3.210
1.796
1.764
1.738
3.243
1.665
1.717
1.840
3.211
1.875
1.741
1.768
1.780
2.357
1.729
1.911
1.896
2.238
1.666
1.746
1.846
3.144
1.821
1.685
1.713
3.174
1.670
1.786
1.789
3.102
1.730
1.927
1.715
3.204
1.910
1.626
1.763
2.328
1.840
1.769
1.718
1.793
3.199
1.820
1.709
1.706
3.206
1.755
1.793
1.819
3.169
1.732
1.755
1.712
3.137
1.893
1.685
1.627
3.216
1.657
1.843
1.816
3.169
1.851
1.684
1.704
2.247
2.019
1.699
1.966
1.796
3.122
1.850
1.882
1.728
3.265
1.977
1.755
1.754
3.315
1.662
1.741
1.916
3.285
1.822
1.910
1.746
3.272
2.015
1.695
1.784
3.300
1.721
1.916
1.868
2.552
1.771
1.822
1.751
1.727
3.292
1.902
1.784
2.038
3.181
1.743
1.799
1.625
3.273
2.083
1.852
1.721
3.317
1.705
1.818
1.874
3.318
1.742
1.880
1.829
3.238
2.070
1.827
1.802
1.868
2.262
1.699
1.853
1.721
3.194
1.865
1.671
1.692
3.206
1.703
1.644
1.750
3.102
1.947
1.794
1.632
3.170
1.872
1.682
1.780
3.179
1.914
1.744
1.789
3.110
1.741
1.818
1.658
2.607
1.965
1.817
1.730
1.740
3.136
1.853
3.951
1.809
1.696
1.631
2.295
1.625
1.742
1.747
2.245
1.711
1.880
1.750
3.259
1.761
1.639
1.687
3.253
1.728
1.743
1.772
3.141
1.807
1.831
1.719
3.118
1.813
1.662
2.113
3.196
1.681
1.799
1.758
3.195
1.824
1.764
1.779
2.217
1.796
1.703
1.776
1.777
2.377
1.764
1.770
1.652
2.361
1.800
1.816
1.774
3.176
1.703
1.736
1.803
3.150
1.771
1.863
1.741
3.246
1.809
1.687
1.653
3.271
1.864
1.871
1.782
3.134
1.673
1.750
1.629
1.638
2.346
1.659
1.790
2.302
1.716
1.709
1.804
1.823
2.342
1.704
1.652
1.718
3.214
1.812
1.749
1.812
3.300
1.737
1.767
1.648
3.183
1.758
1.676
1.692
3.196
1.851
1.724
1.833
3.180
1.712
1.741
1.701
3.123
1.787
1.663
1.761
3.195
1.786
1.735
1.738
1.823
2.354
1.872
1.723
1.760
3.362
1.746
1.763
1.757
3.171
1.724
1.805
1.735
3.218
1.846
1.663
1.888
3.277
1.686
1.890
1.786
3.158
1.776
1.891
1.762
3.198
1.811
1.690
1.823
3.235
1.688
1.696
1.798
1.680
2.509
1.825
1.644
1.694
2.382
1.684
1.655
1.743
3.128
1.698
1.719
1.703
3.176
1.785
1.668
1.782
3.217
1.760
1.637
1.787
3.067
1.758
1.763
1.669
3.259
1.706
1.777
1.760
3.176
1.769
1.623
1.731
3.121
1.718
1.706
1.687
2.356
1.859
1.773
1.684
1.768
2.093
1.781
1.718
1.771
3.164
1.718
1.694
1.718
2.348
1.720
1.721
1.775
3.155
1.696
1.832
1.808
3.188
1.804
1.761
1.859
3.290
1.766
1.720
1.773
3.113
1.658
1.867
1.641
3.128
1.773
1.704
1.754
2.566
1.682
1.750
1.745
3.155
1.716
1.717
1.779
1.771
2.421
1.698
1.707
1.859
3.150
1.729
1.729
1.822
3.175
1.721
1.668
1.722
3.222
1.641
1.706
1.745
3.184
1.669
1.691
1.767
3.157
1.809
1.685
1.714
3.250
1.746
1.797
1.733
3.176
1.753
1.698
1.664
3.216
1.885
1.802
1.809
2.450
1.689
1.707
1.807
2.180
1.811
1.781
1.768
1.798
2.367
1.704
1.640
1.760
3.127
1.852
1.873
1.692
2.285
1.708
1.782
1.749
3.144
1.682
1.801
1.762
3.130
1.810
1.807
1.714
3.207
1.851
1.712
1.711
3.174
1.721
1.689
1.764
3.121
1.704
1.782
1.738
2.338
1.841
1.624
1.683
2.446
1.774
1.775
1.804
2.269
1.723
1.818
1.692
1.728
2.337
1.613
1.767
1.956
3.177
1.777
1.883
1.675
3.196
1.796
1.688
1.726
3.202
1.670
1.792
1.732
3.130
1.731
1.793
1.777
3.142
1.901
1.659
1.802
3.202
1.723
1.790
1.715
3.108
1.714
1.869
1.743
1.692
2.709
1.669
1.806
1.874
2.288
1.770
1.776
1.831
2.516
1.714
1.713
1.859
3.199
1.767
1.644
1.829
3.147
1.759
1.815
1.789
3.200
1.807
1.821
1.756
3.223
1.645
1.775
1.805
3.122
1.845
1.742
1.673
3.181
1.690
1.680
1.761
3.234
1.802
1.774
1.759
3.160
1.834
1.667
1.724
3.170
1.748
1.693
1.797
3.207
1.805
1.660
1.832
3.162
1.757
1.758
1.751
2.500
1.856
1.704
1.692
1.843
2.399
1.706
1.701
1.716
2.306
1.866
1.767
1.802
3.227
1.829
1.670
1.912
3.175
1.796
1.795
1.631
3.142
1.920
1.694
1.739
3.223
1.728
1.728
1.780
3.131
1.720
1.712
1.777
3.164
1.765
1.669
1.900
3.186
1.708
