1.331
1.470
1.378
3.306
1.221
1.182
1.347
1.377
1.337
1.382
1.521
1.276
1.336
2.291
1.490
1.401
1.529
1.327
1.411
1.432
1.343
1.332
2.194
1.317
1.289
1.467
1.423
1.530
1.492
1.284
1.354
2.212
1.360
1.389
1.503
1.265
1.420
1.476
1.291
1.450
3.441
1.249
1.398
1.473
1.302
1.393
1.500
1.276
1.415
1.568
1.998
1.441
1.543
1.655
1.449
1.483
1.413
1.328
1.533
1.928
1.336
1.563
1.303
1.567
1.633
1.422
1.407
1.481
1.881
1.412
1.472
1.306
1.341
1.503
1.379
1.449
1.714
1.941
1.425
1.526
1.272
1.363
1.413
1.370
1.348
1.498
3.390
1.341
1.469
1.267
1.250
1.418
1.341
1.423
1.662
2.097
1.347
1.506
1.348
1.326
1.503
1.351
1.442
1.675
1.833
1.353
1.583
1.348
1.385
1.474
1.333
1.321
1.438
2.022
1.286
1.505
1.295
1.302
1.543
1.385
1.500
1.648
1.932
1.390
1.455
1.216
1.344
1.496
1.324
1.383
1.466
1.775
1.303
1.492
1.359
1.507
1.768
1.339
1.394
3.268
1.142
1.344
1.559
1.280
1.414
1.745
1.377
1.397
2.230
1.168
1.286
1.422
1.398
1.373
1.474
1.356
3.280
1.387
1.373
1.263
1.492
1.330
1.359
1.427
1.275
2.277
1.354
1.140
1.375
1.392
1.440
1.413
1.564
1.875
1.431
1.495
1.382
1.411
1.536
1.315
1.404
1.408
2.096
1.325
1.558
1.423
1.376
1.515
1.302
1.357
2.197
1.187
1.507
1.517
1.302
1.361
1.545
1.281
1.368
2.346
1.371
1.379
1.477
1.298
1.307
1.547
1.346
3.209
1.182
1.166
1.384
1.427
1.521
1.380
1.421
1.456
2.165
1.620
1.297
1.279
1.556
1.289
1.419
1.491
1.977
1.332
1.470
1.295
1.527
1.630
1.327
1.464
2.295
1.194
1.326
1.506
1.304
1.359
1.463
1.350
1.413
2.608
1.313
1.298
1.439
1.305
1.346
1.515
1.337
3.160
1.098
1.209
1.326
1.472
1.332
1.434
1.678
2.021
1.333
1.439
1.382
1.352
1.518
1.286
1.373
2.228
1.315
1.422
1.625
1.357
1.357
1.458
1.380
1.341
3.248
1.180
1.380
1.426
1.316
1.305
1.510
1.282
3.197
1.291
1.127
1.354
1.503
1.285
1.341
1.401
1.328
3.187
1.246
1.310
1.362
1.746
1.394
1.445
1.448
1.873
1.380
1.487
1.273
1.430
1.431
1.254
1.348
2.382
1.217
1.474
1.594
1.306
1.395
1.493
1.334
1.357
3.322
1.124
1.307
1.547
1.342
1.387
1.540
1.343
3.420
1.267
1.176
1.309
1.531
1.302
1.333
1.486
1.354
1.912
1.759
1.286
1.323
1.497
1.291
1.532
1.643
2.044
1.254
1.486
1.304
1.378
1.536
1.320
1.343
2.289
1.199
1.327
1.549
1.389
1.383
1.521
1.351
2.077
1.389
1.241
1.346
1.540
1.331
1.360
1.467
1.333
1.963
1.647
1.500
1.432
1.570
1.305
1.413
1.462
1.823
1.433
1.467
1.513
1.481
1.476
1.498
1.401
3.418
1.266
1.130
1.220
1.270
1.222
1.191
1.190
1.866
1.240
1.255
1.169
1.201
1.153
1.177
1.235
1.949
1.348
1.197
1.171
1.347
1.197
1.128
1.224
1.901
1.122
1.238
1.204
1.125
1.179
1.171
1.182
1.201
1.759
1.218
1.268
1.198
1.175
1.239
1.180
1.263
1.806
1.255
1.215
1.249
1.214
1.162
1.190
1.219
1.802
1.190
1.214
1.190
1.317
1.339
1.364
1.218
1.846
1.149
1.185
1.273
1.262
1.170
1.265
1.201
1.813
1.184
1.149
1.166
1.225
1.198
1.305
1.251
1.914
1.290
1.200
1.201
1.192
1.194
1.141
1.246
1.839
1.303
1.368
1.210
1.189
1.197
1.188
1.262
1.797
1.206
1.182
1.265
1.262
1.191
1.195
1.214
1.567
1.207
1.185
1.212
1.284
1.218
1.199
1.212
1.822
1.218
1.183
1.237
1.190
1.195
1.167
1.172
1.727
1.269
1.154
1.243
1.190
1.206
1.195
1.208
1.773
1.183
1.233
1.173
1.217
1.205
1.209
1.265
2.009
1.437
1.194
1.182
1.137
1.215
1.264
1.312
1.755
1.180
1.209
1.257
1.178
1.214
1.295
1.226
1.905
1.294
1.184
1.207
1.282
1.275
1.186
1.249
1.833
1.299
1.211
1.193
1.205
1.256
1.202
1.191
1.807
1.294
1.195
1.221
1.222
1.265
1.219
1.253
1.788
1.349
1.191
1.191
1.248
1.239
9.546
1.292
1.148
1.226
1.253
1.236
1.218
1.860
1.307
1.141
1.282
1.306
1.179
1.418
1.183
1.862
1.325
1.166
1.161
1.230
1.147
1.201
1.214
1.753
1.245
1.155
1.185
1.151
1.215
1.128
1.218
1.745
1.121
1.212
1.208
1.245
1.139
1.183
1.163
1.789
1.187
1.224
1.153
1.245
1.129
1.197
1.227
1.900
1.138
1.181
1.141
1.223
1.251
1.196
1.713
1.260
1.139
1.161
1.268
1.126
1.258
1.141
1.668
1.321
1.242
1.157
1.214
1.216
1.129
1.199
1.824
1.126
1.162
1.235
1.164
1.171
1.206
1.201
1.813
1.184
1.175
1.175
1.251
1.173
1.229
1.239
1.752
1.222
1.257
1.122
1.251
1.241
1.164
1.723
1.295
1.186
1.181
1.265
1.127
1.222
1.244
1.680
1.204
1.262
1.285
1.210
1.249
1.263
1.239
1.817
1.192
1.328
1.217
1.206
1.200
1.239
1.188
1.796
1.303
1.166
1.202
1.210
1.153
1.231
1.275
1.920
1.185
1.300
1.148
1.228
1.209
1.189
1.199
1.684
1.188
1.264
1.305
1.183
1.191
1.241
1.947
1.254
1.201
1.140
1.200
1.221
1.159
1.149
1.824
1.212
1.220
1.341
1.132
1.209
1.251
1.199
1.768
1.207
1.276
1.299
1.248
1.159
1.187
1.263
1.818
1.161
1.244
1.228
1.186
1.229
1.183
1.819
1.261
1.155
1.205
1.304
1.223
1.180
1.253
1.839
1.201
1.300
1.222
1.249
1.319
1.137
1.216
1.820
1.207
1.220
1.265
1.233
1.220
1.212
1.803
1.237
1.209
1.189
1.241
1.233
1.202
1.259
1.805
1.220
1.229
1.281
1.159
1.163
1.288
1.125
1.814
1.276
1.206
1.241
1.260
1.268
1.198
1.300
1.874
1.200
1.174
1.190
1.202
1.261
1.167
1.198
1.879
1.283
1.266
1.196
1.153
1.191
1.220
1.903
1.190
1.220
1.216
1.190
1.221
1.149
1.261
1.717
1.191
1.182
1.301
1.131
1.227
1.250
1.247
1.812
1.280
1.175
1.198
1.270
1.210
1.192
1.203
1.783
1.227
1.273
1.168
1.183
1.320
1.238
1.785
1.228
1.237
1.182
1.260
1.112
1.205
1.293
1.705
1.292
1.272
1.244
1.226
1.219
1.225
1.207
1.906
1.209
1.230
1.237
1.185
1.229
1.252
1.806
1.252
1.166
1.182
1.198
1.214
1.236
1.207
1.830
1.217
1.198
1.241
1.215
1.205
1.215
1.170
1.802
1.277
1.208
1.230
1.162
1.222
1.227
1.284
1.698
1.171
1.295
1.211
1.227
1.209
1.228
1.827
1.418
1.172
1.199
1.303
1.202
1.256
1.241
1.740
1.238
1.174
1.185
1.240
1.263
1.211
1.823
1.219
1.189
1.200
1.269
1.195
1.222
1.269
1.673
1.257
1.225
1.169
1.197
1.207
1.238
1.232
1.836
1.199
1.215
1.217
1.184
1.152
1.187
1.235
1.872
1.255
1.195
1.235
1.216
1.223
1.211
1.248
1.623
1.251
1.279
1.120
1.248
1.256
1.197
1.205
1.800
1.235
1.303
1.194
1.213
1.186
1.262
1.684
1.176
1.314
1.226
1.204
1.396
1.229
1.248
3.497
1.151
1.200
1.270
1.212
1.279
1.241
1.219
1.791
1.224
1.121
1.240
1.284
1.172
1.180
1.210
1.812
1.227
1.288
1.225
1.143
1.277
1.209
1.803
1.235
1.157
1.212
1.287
1.233
1.229
1.228
1.822
1.213
1.271
1.182
1.185
1.286
1.193
1.213
1.691
1.191
1.209
1.209
1.174
1.186
1.180
1.418
1.869
1.172
1.173
1.182
1.296
1.169
1.162
1.872
