2.022
1.978
2.526
1.903
2.007
2.048
3.195
1.926
1.990
3.112
2.140
2.090
3.158
1.995
1.897
3.162
2.062
2.074
1.945
3.126
1.917
2.049
3.139
2.046
3.116
3.164
2.062
2.046
2.041
2.546
2.023
1.967
3.196
2.073
2.070
3.242
2.018
2.060
3.223
1.936
2.177
1.910
2.586
1.930
2.120
3.196
2.076
1.907
3.132
1.934
2.002
3.155
2.053
1.992
2.013
3.291
1.960
1.906
3.212
2.103
1.960
3.209
2.006
2.075
3.218
2.035
1.987
1.987
3.177
1.938
1.991
3.180
2.020
1.999
3.164
1.959
2.043
1.985
2.567
1.978
2.031
3.191
1.995
2.090
3.141
1.962
2.053
3.180
2.082
2.109
1.996
2.519
2.070
1.961
3.116
2.032
2.003
3.166
2.028
1.927
2.040
2.596
2.070
1.976
3.185
2.037
1.878
3.233
2.008
2.020
3.147
2.007
2.129
1.984
2.514
1.989
2.004
3.174
2.110
1.960
3.075
2.056
1.977
3.163
1.988
2.074
2.117
3.273
1.991
1.986
3.181
2.114
1.984
3.115
2.039
1.974
3.197
1.929
1.844
1.972
2.552
2.145
2.051
3.165
1.932
2.212
3.157
1.956
2.024
3.180
2.079
2.073
2.121
3.158
2.058
1.909
3.176
2.130
1.957
3.194
1.938
1.997
3.166
2.019
1.974
1.999
3.135
2.034
2.044
3.244
1.970
1.978
3.133
1.957
2.039
3.140
2.084
3.198
1.943
2.550
1.992
2.034
3.183
2.014
1.979
3.156
1.970
2.083
3.172
2.076
1.992
2.024
2.601
2.061
2.070
3.130
1.984
1.902
3.124
2.139
2.122
2.106
2.651
2.044
1.987
3.225
1.935
2.017
3.172
1.993
2.115
3.211
1.961
1.898
2.589
2.161
1.932
2.036
2.666
1.863
2.183
3.173
2.078
1.942
3.175
2.145
1.930
2.019
2.622
2.036
2.020
3.187
2.028
1.915
3.147
2.025
1.930
3.178
2.006
1.997
3.875
2.016
1.987
1.958
2.557
1.985
1.968
3.226
2.086
2.028
3.423
2.005
2.044
1.957
2.600
2.020
3.130
3.172
2.023
1.947
3.176
1.938
2.137
3.148
2.072
1.898
2.717
2.085
2.065
2.042
3.085
1.939
2.016
3.143
2.119
2.157
3.151
2.041
1.979
2.063
2.671
2.077
1.961
3.139
2.210
2.060
3.126
2.019
1.964
3.168
1.973
1.892
3.194
3.133
1.987
2.005
2.800
2.036
2.033
3.255
2.045
1.980
3.145
1.950
2.094
3.217
2.094
1.954
2.016
2.665
2.032
2.059
3.130
2.021
1.995
3.185
2.077
1.987
3.167
1.972
2.014
2.578
2.048
2.073
1.981
3.123
2.148
1.999
3.124
2.041
1.969
3.265
2.054
1.982
2.063
2.469
1.994
2.026
3.153
2.226
2.213
3.200
2.030
1.982
3.112
1.973
2.063
2.595
1.919
1.991
2.038
3.127
2.125
2.039
3.169
2.074
1.935
3.155
2.028
2.067
3.169
2.026
1.958
1.943
3.118
2.017
1.976
3.171
2.032
2.012
3.229
2.049
2.138
3.256
1.969
2.046
1.976
2.564
1.943
1.987
3.241
2.060
2.184
3.156
2.068
2.036
3.181
1.990
1.997
2.071
2.819
1.992
2.031
3.211
1.954
1.999
3.219
1.962
2.025
3.107
2.057
2.039
3.167
3.209
2.106
2.020
2.465
2.012
2.129
3.179
2.050
3.140
3.143
2.117
2.045
3.130
2.132
1.886
2.127
2.670
1.970
2.062
3.156
2.057
2.088
3.239
2.162
2.022
3.188
1.982
2.084
2.049
2.614
2.011
2.051
3.217
2.076
1.991
3.192
2.015
2.077
3.207
1.921
1.963
3.175
1.968
2.051
2.656
2.189
1.959
2.041
3.128
2.072
2.036
3.168
2.212
3.116
3.247
2.012
1.991
2.619
2.070
2.089
1.932
3.192
2.017
2.017
3.212
1.981
2.156
3.188
2.016
2.051
3.215
2.183
2.026
2.060
2.646
2.088
2.009
3.244
2.125
2.048
3.186
2.153
2.034
3.205
2.056
1.974
2.502
2.046
2.127
1.954
3.176
2.009
1.997
3.174
2.077
2.042
3.300
2.134
3.109
3.138
2.008
2.222
3.968
2.055
3.225
2.013
2.116
3.143
2.058
1.984
2.189
2.661
1.986
2.030
3.162
2.101
2.085
3.121
2.095
2.016
3.169
2.089
2.153
3.105
2.040
2.049
2.057
2.456
2.156
2.019
3.234
2.068
2.018
3.197
2.025
2.024
3.122
2.133
1.993
3.278
2.166
1.982
2.086
2.639
1.915
2.049
3.211
1.906
2.019
3.146
2.011
2.001
3.298
2.017
1.983
2.060
2.500
2.076
2.061
3.156
1.990
2.105
3.190
2.038
2.212
3.149
2.032
2.157
3.124
2.042
2.158
2.651
2.171
2.005
2.024
3.160
2.225
2.005
3.163
1.955
2.030
3.227
2.124
1.960
3.192
2.000
2.128
2.083
3.765
1.903
2.082
3.201
2.015
1.963
3.232
1.934
2.254
3.178
1.998
2.014
2.638
3.162
1.952
2.038
3.137
2.141
2.087
3.134
2.034
2.095
3.135
2.106
2.284
3.146
1.990
2.008
2.625
2.081
2.032
2.015
3.138
2.142
3.058
3.234
2.240
2.029
3.232
2.083
1.907
3.192
3.199
2.091
3.164
2.826
2.108
2.144
3.336
1.977
2.019
3.190
1.995
2.049
3.159
1.914
2.227
3.163
1.952
2.052
2.026
3.189
3.146
2.075
3.145
2.116
2.094
3.203
1.983
2.148
3.095
2.110
3.223
3.198
2.051
2.103
1.978
3.147
1.984
2.063
3.214
2.145
1.956
3.225
2.013
2.013
3.185
2.157
2.040
2.094
2.638
1.918
2.065
3.155
2.017
2.147
3.178
2.182
2.054
3.170
1.984
2.014
3.153
2.060
2.108
3.252
2.018
2.056
2.044
3.116
1.995
2.075
3.127
2.034
2.018
3.082
1.929
2.109
3.159
2.002
1.994
3.117
2.161
2.148
1.942
2.574
2.001
2.007
3.203
2.039
2.007
3.161
2.240
3.163
3.154
2.100
1.954
2.525
2.181
1.954
2.066
3.128
1.952
2.072
3.202
1.961
2.025
3.219
2.026
1.970
3.195
2.015
2.038
3.180
3.096
2.053
2.519
1.964
2.108
2.052
3.102
2.038
2.037
3.166
2.030
2.084
3.121
2.026
2.064
3.132
2.078
2.047
2.628
3.159
2.042
1.990
3.202
2.153
2.018
3.145
2.046
2.037
3.240
3.202
2.011
3.141
2.071
2.112
2.071
2.563
2.059
2.023
3.208
1.934
1.945
3.173
2.156
2.063
3.172
2.009
2.074
3.182
2.080
2.068
3.173
2.061
2.153
2.032
3.139
2.075
2.169
3.196
2.188
2.030
3.156
2.101
2.120
3.151
2.066
2.043
3.205
2.046
2.146
2.043
2.612
2.085
1.901
3.157
2.194
2.017
3.187
2.086
1.969
3.196
2.277
2.008
3.194
2.091
1.903
2.133
3.716
2.069
1.895
3.212
1.966
2.178
3.161
2.046
2.083
3.202
2.091
2.101
3.149
2.004
2.045
3.132
2.030
1.889
2.032
3.084
2.121
2.161
3.154
2.072
2.086
3.066
2.120
2.054
3.150
1.937
2.085
3.174
2.070
2.062
2.012
2.644
3.232
1.897
3.138
2.100
2.011
3.200
2.111
1.997
3.177
2.145
1.974
3.132
3.170
2.018
2.068
2.787
2.052
2.185
3.159
2.046
2.088
3.191
2.096
2.116
3.260
2.014
1.894
3.176
2.012
2.017
3.233
2.201
1.963
2.112
2.619
2.059
2.017
3.146
3.282
2.069
3.195
2.091
2.174
3.179
2.079
2.148
3.163
2.049
2.046
3.165
2.141
2.048
2.035
2.622
2.065
1.951
3.120
2.152
2.057
3.189
2.143
1.983
3.121
2.145
1.963
3.143
2.058
2.087
1.990
2.652
2.072
2.117
3.217
2.038
2.039
3.242
1.968
2.204
3.212
2.052
2.030
3.175
2.041
2.039
2.773
2.014
1.967
2.136
3.132
1.952
2.094
3.131
2.012
3.209
3.192
2.059
2.104
3.243
2.025
2.035
3.109
2.088
2.177
3.194
3.208
2.013
2.046
2.617
2.007
1.919
3.146
2.198
3.128
3.192
2.124
2.140
3.250
2.101
1.941
3.156
2.195
1.918
3.138
3.229
2.026
2.085
2.682
1.987
2.092
3.239
2.030
2.066
3.218
