2.313
1.837
1.541
1.468
1.658
1.492
2.152
1.925
1.535
1.334
1.652
1.473
3.180
1.954
1.510
1.350
1.507
2.378
1.490
1.634
1.525
1.352
1.635
2.341
1.541
1.877
1.744
1.379
1.629
2.198
1.499
1.635
1.513
1.364
1.940
2.414
1.422
1.567
1.626
1.455
3.264
1.490
1.431
1.678
1.543
1.343
3.375
1.547
1.392
1.650
1.555
1.481
2.479
1.548
1.503
1.642
1.457
1.384
2.467
1.531
1.426
1.671
1.537
2.092
1.939
1.556
1.423
1.604
1.937
2.180
1.573
1.620
1.404
1.627
2.392
1.561
1.732
1.501
1.378
1.619
2.363
1.559
1.679
1.558
1.390
1.769
2.675
1.358
1.647
1.492
1.357
1.569
2.596
1.415
1.574
1.677
1.364
3.292
1.609
1.448
1.733
1.766
1.405
2.453
1.559
1.371
1.648
1.637
2.066
1.777
1.582
1.395
1.691
1.525
2.105
1.887
1.504
1.366
1.696
1.776
2.302
1.691
1.487
1.357
1.527
1.634
2.195
1.702
1.603
1.341
1.576
2.189
1.608
1.876
1.801
1.450
1.678
2.245
1.614
1.757
1.633
1.358
3.455
1.623
1.406
1.675
1.797
1.415
3.302
1.550
1.419
1.570
1.608
1.465
3.178
1.382
1.381
1.719
1.456
2.067
1.917
1.515
1.351
1.596
1.525
2.181
1.957
1.559
1.379
1.626
1.552
2.004
1.797
1.561
1.369
1.635
2.294
1.580
1.634
1.510
1.383
1.698
2.305
1.385
1.654
1.583
1.445
1.556
2.606
1.418
1.806
1.463
1.332
3.228
1.539
1.442
1.716
1.437
1.380
2.245
1.530
1.535
1.640
1.484
2.055
1.732
1.594
1.444
1.573
1.599
2.164
1.764
1.565
1.461
1.638
1.605
2.154
1.630
1.604
1.428
1.548
2.195
1.540
1.811
1.493
1.468
1.720
3.339
1.480
1.621
1.553
1.370
1.522
2.488
1.424
1.575
1.468
1.509
3.442
1.701
1.434
1.593
1.778
1.315
3.202
1.449
1.388
1.726
1.585
1.368
2.594
1.608
1.504
1.859
1.914
2.006
1.929
1.549
1.354
1.767
1.509
2.147
1.773
1.549
1.396
1.596
1.555
1.993
1.668
1.512
1.358
1.560
2.266
1.591
1.741
1.756
1.673
1.925
3.371
1.491
1.762
1.632
1.355
1.578
2.810
1.401
1.753
1.678
1.442
3.407
1.528
1.405
1.842
1.563
1.288
3.278
1.478
1.440
1.683
1.453
1.406
2.346
1.788
1.349
1.605
1.578
2.077
1.792
1.566
1.397
1.760
1.613
2.164
1.852
1.734
1.421
1.519
1.613
2.106
1.551
1.592
1.364
1.591
2.291
1.499
1.682
1.538
1.339
1.731
3.480
1.534
1.701
1.460
1.395
1.591
2.572
1.380
1.593
1.543
1.387
3.383
1.641
1.398
1.567
1.657
1.364
3.197
1.454
1.443
1.627
1.530
1.315
2.527
1.565
1.449
1.751
1.641
2.060
1.857
1.621
1.462
1.806
1.772
2.166
1.593
1.544
1.412
1.611
2.455
1.542
1.717
1.510
1.371
1.658
2.280
1.596
1.688
1.601
1.418
1.815
2.565
1.368
1.680
1.554
1.333
3.312
1.507
1.376
1.548
1.576
1.415
3.233
1.467
1.379
1.667
1.481
2.107
1.902
1.646
1.563
1.758
1.443
2.210
1.889
1.448
1.554
2.053
1.478
2.104
1.701
1.549
1.386
1.709
2.208
1.711
2.081
1.471
1.406
1.818
2.273
1.414
1.864
1.443
1.370
3.332
1.568
1.520
1.829
1.409
1.443
3.350
1.366
1.463
1.768
1.454
2.112
1.852
1.498
1.491
1.763
1.391
3.230
1.870
1.454
1.575
1.715
2.288
1.662
1.762
1.422
1.417
1.808
3.200
1.604
1.818
1.439
1.377
1.608
2.146
1.424
1.832
1.466
1.379
3.391
1.561
1.517
1.928
1.414
1.399
3.345
1.564
1.394
1.725
1.378
1.524
2.754
1.349
1.411
1.784
1.472
2.173
1.897
1.515
1.400
1.855
2.034
1.595
1.965
1.515
1.351
1.760
2.038
1.584
1.661
1.715
1.387
1.714
2.093
1.476
2.594
1.668
1.518
3.802
1.598
1.483
1.633
1.478
1.326
2.598
1.391
1.441
1.869
1.667
2.367
1.886
1.384
1.425
1.704
2.166
1.527
1.925
1.505
1.456
1.766
2.017
1.570
1.852
1.379
1.422
1.654
2.157
1.477
1.696
1.419
1.464
3.366
1.546
1.371
1.782
1.423
1.384
2.594
1.383
1.397
1.661
1.387
2.069
1.960
1.760
1.355
1.753
1.379
2.105
1.747
1.508
1.372
1.709
2.052
1.546
1.641
1.541
1.511
1.871
2.182
1.495
1.797
1.577
1.392
1.712
2.179
1.493
1.759
1.562
1.343
3.372
1.568
1.440
1.601
1.514
1.356
2.584
1.335
1.446
1.819
1.421
2.028
2.240
1.592
1.416
1.617
2.176
1.535
1.734
1.439
1.440
1.715
2.142
1.649
1.853
1.402
1.397
1.862
2.219
1.385
1.918
1.371
1.419
3.416
1.537
1.476
1.958
1.486
1.373
2.740
1.412
1.354
1.673
1.463
3.295
1.869
1.501
1.414
1.802
2.267
1.604
1.684
1.482
1.392
1.671
2.171
1.623
1.669
1.524
1.527
1.699
2.174
1.412
1.843
1.520
1.349
3.418
1.531
1.452
1.698
1.429
1.341
2.699
1.490
1.412
1.847
1.424
2.243
2.019
1.453
1.405
1.774
1.415
2.250
1.745
1.424
1.348
1.826
2.042
1.588
1.789
1.482
1.431
1.622
2.183
1.548
2.044
1.525
1.381
2.675
1.531
1.424
1.726
1.431
1.376
3.299
1.530
1.417
1.763
1.472
1.388
2.692
1.368
1.546
1.622
1.417
3.216
1.867
1.506
1.369
1.798
2.201
1.551
1.637
1.519
1.498
1.904
2.153
1.576
1.724
1.549
1.349
1.732
2.326
1.392
1.593
1.562
1.375
3.345
1.557
1.445
1.875
1.480
1.364
2.629
1.483
1.509
1.857
1.433
2.049
1.990
1.488
1.451
1.682
2.133
1.496
1.853
1.441
1.440
1.731
2.092
1.587
1.754
1.467
1.397
1.857
2.217
1.444
1.882
1.522
1.458
3.385
1.598
1.416
1.824
1.404
1.431
2.627
1.427
1.422
1.787
1.470
2.238
2.027
1.526
1.523
1.801
2.145
1.637
1.634
1.470
1.538
1.827
3.260
1.570
1.851
1.434
1.441
1.817
2.170
1.440
1.723
1.476
1.398
3.423
1.710
1.444
1.825
1.430
1.402
2.648
1.373
1.484
1.725
1.406
2.147
2.182
1.611
1.465
1.730
2.057
1.535
1.743
1.492
1.446
1.616
2.157
1.756
1.908
1.422
1.439
1.762
2.425
1.382
1.890
1.401
1.406
3.339
1.559
1.399
1.778
1.420
1.368
2.738
1.411
1.390
1.640
1.401
2.133
2.174
1.427
1.395
1.728
2.127
1.563
1.623
1.467
1.361
1.627
2.133
1.530
1.752
1.443
1.378
1.710
2.366
1.522
2.159
1.524
1.400
3.382
1.559
1.469
1.795
1.370
2.103
1.953
1.385
1.417
1.614
1.502
2.185
1.881
1.435
1.649
1.713
2.087
1.600
2.207
1.549
1.360
1.671
3.316
1.508
1.820
1.477
1.535
2.582
1.658
1.445
1.915
1.909
1.693
4.292
1.538
1.442
1.779
1.420
2.074
1.908
1.543
1.390
1.794
1.536
2.201
1.956
1.464
1.776
1.986
2.160
1.642
1.826
1.521
1.390
1.735
3.281
1.470
1.827
1.449
1.402
3.491
1.543
1.359
1.881
1.381
1.362
3.336
1.616
1.426
1.853
1.530
2.051
1.837
1.455
1.423
1.690
1.395
2.189
1.817
1.450
1.469
1.797
2.327
1.610
1.786
1.489
1.383
1.725
2.251
1.524
1.832
1.402
1.425
3.526
1.667
1.467
1.725
1.532
1.332
3.353
1.542
1.538
1.848
1.508
2.040
1.800
1.525
1.433
1.678
1.464
2.106
1.909
1.415
1.394
1.985
2.074
1.689
1.774
1.534
1.561
1.950
2.179
1.521
1.769
1.483
1.448
3.516
1.661
1.426
1.847
1.823
1.416
3.307
1.556
1.413
1.698
1.463
2.016
1.923
1.569
1.417
1.857
1.479
2.116
1.848
1.442
1.433
1.983
2.228
1.592
1.757
1.461
1.501
1.938
2.329
1.450
