1.154
1.150
1.324
1.121
1.114
1.199
1.185
1.694
1.263
1.099
1.145
1.303
1.165
1.182
1.271
1.131
1.761
1.177
1.190
1.199
1.467
1.163
1.158
1.247
1.132
1.817
1.240
1.090
1.137
1.228
1.176
1.170
1.201
1.110
1.711
1.275
1.125
1.115
1.283
1.158
1.118
1.222
1.161
1.714
1.284
1.157
1.218
1.199
1.095
1.073
1.215
1.147
1.777
1.231
1.169
1.146
1.225
1.129
1.171
1.256
1.809
1.212
1.260
1.123
1.122
1.243
1.187
1.150
1.230
1.765
1.215
1.287
1.128
1.196
1.275
1.159
1.163
1.221
1.767
1.233
1.286
1.103
1.137
1.232
1.165
1.152
1.351
1.532
1.139
1.214
1.091
1.103
1.451
1.132
1.160
1.225
1.659
1.137
1.258
1.144
1.120
1.204
1.072
1.165
1.244
1.669
1.201
1.267
1.126
1.143
1.324
1.111
1.124
1.186
1.792
1.129
1.462
1.230
1.167
1.190
1.107
1.106
3.613
1.190
1.124
1.215
1.115
1.103
1.281
1.134
1.120
1.769
1.113
1.156
1.211
1.127
1.145
1.205
1.131
1.176
1.863
1.223
1.145
1.183
1.091
1.153
1.179
1.152
1.139
1.837
1.122
1.125
1.184
1.202
1.158
1.181
1.150
1.860
1.260
1.149
1.187
1.273
1.050
1.380
1.211
1.127
1.646
1.195
1.124
1.196
1.277
1.153
1.162
1.264
1.719
1.145
1.211
1.141
1.181
1.162
1.078
1.182
1.237
1.513
1.144
1.199
1.170
1.195
1.218
1.164
1.103
1.199
1.782
1.182
1.174
1.181
1.101
1.249
1.152
1.166
1.946
1.118
1.174
1.232
1.176
1.184
1.243
1.140
1.728
1.246
1.126
1.398
1.230
1.183
1.188
1.239
1.093
1.785
1.243
1.103
1.155
1.227
1.102
1.088
1.141
1.795
1.204
1.251
1.140
1.201
1.244
1.121
1.140
1.888
1.086
1.181
1.168
1.244
1.200
1.216
1.122
1.181
1.756
1.132
1.136
1.244
1.122
1.153
1.190
1.174
1.132
1.853
1.108
1.209
1.266
1.136
1.147
1.277
1.072
1.800
1.173
1.130
1.082
1.263
1.159
1.187
1.272
1.771
1.183
1.311
1.142
1.149
1.294
1.137
1.114
1.748
1.115
1.146
1.199
1.163
1.167
1.274
1.061
1.146
1.856
1.184
1.174
1.194
1.166
1.178
1.224
1.138
1.171
1.853
1.110
1.135
1.203
1.195
1.154
1.255
1.091
1.749
1.204
1.113
1.139
1.253
1.156
1.164
1.208
1.726
1.199
1.228
1.180
1.170
1.252
1.154
1.150
1.935
1.100
1.162
1.238
1.163
1.159
1.261
1.090
1.127
1.856
1.138
1.157
1.240
1.141
1.199
1.233
1.159
1.639
1.222
1.127
1.175
1.228
1.164
1.128
1.259
1.091
1.746
1.226
1.151
1.119
1.228
1.137
1.153
1.249
1.744
1.129
1.243
1.087
1.131
1.260
1.135
1.158
1.742
1.184
1.212
1.227
1.201
1.144
1.271
1.121
1.136
1.949
1.168
1.117
1.202
1.154
1.137
1.288
1.151
1.656
1.257
1.188
1.167
1.214
1.141
1.116
1.231
1.133
1.717
1.236
1.163
1.164
1.244
1.131
1.149
1.235
1.778
1.177
1.267
1.142
1.116
1.241
1.098
1.116
1.829
1.082
1.146
1.264
1.117
1.104
1.220
1.128
1.106
1.914
1.171
1.174
1.271
1.170
1.213
1.245
1.146
1.838
1.253
1.145
1.220
1.247
1.126
1.148
1.234
1.787
1.291
1.239
1.150
1.158
1.246
1.151
1.103
1.212
1.728
1.159
1.222
1.111
1.093
1.192
1.145
1.141
1.733
1.133
1.140
1.171
1.141
1.204
1.272
1.140
1.825
1.183
1.160
1.138
1.201
1.168
1.123
1.353
1.804
1.163
1.243
1.161
1.131
1.231
1.216
1.197
1.253
1.724
1.203
1.221
1.137
1.160
1.276
1.131
1.166
1.770
1.156
1.134
1.194
1.122
1.116
1.230
1.164
1.169
1.921
1.168
1.225
1.278
1.175
1.125
1.249
1.146
1.845
1.236
1.220
1.131
1.222
1.142
1.187
1.260
1.670
1.152
1.201
1.114
1.160
1.271
1.218
1.142
1.257
1.745
1.096
1.286
1.183
1.154
1.261
1.124
1.177
1.881
1.202
1.123
1.256
1.113
1.159
1.220
1.091
1.185
1.873
1.139
1.172
1.204
1.193
1.130
1.216
1.118
1.674
1.220
1.156
1.175
1.240
1.092
1.120
1.171
1.747
1.110
1.251
1.114
1.251
1.239
1.183
1.169
1.267
1.688
1.220
1.266
1.127
1.111
1.228
1.090
1.112
1.835
1.147
1.169
1.210
1.201
1.142
1.176
1.117
1.726
1.238
1.067
1.171
1.228
1.151
1.134
1.230
1.143
1.717
1.174
1.192
1.179
1.241
1.159
1.167
1.188
1.827
1.163
1.273
1.175
1.136
1.252
1.184
1.119
1.781
1.073
1.187
1.217
1.146
1.163
1.298
1.109
1.815
1.250
1.193
1.110
1.245
1.102
1.157
1.237
1.206
1.667
1.267
1.179
1.160
1.255
1.210
1.108
1.300
1.735
1.161
1.225
1.148
1.144
1.247
1.115
1.160
1.799
1.205
1.159
1.180
1.152
1.215
1.211
1.187
1.170
1.802
1.171
1.187
1.262
1.202
1.181
1.248
1.205
1.751
1.169
1.136
1.130
1.292
1.070
1.161
1.189
1.663
1.172
1.242
1.071
1.117
1.218
1.133
1.144
1.298
1.608
1.205
1.156
1.121
1.132
1.223
1.097
1.123
1.921
1.143
1.166
1.241
1.156
1.171
1.223
1.172
1.751
1.223
1.163
1.124
1.224
1.186
1.162
1.242
1.071
1.642
1.213
1.150
1.141
1.231
1.125
1.142
1.256
1.659
1.169
1.206
1.132
1.178
1.239
1.220
1.180
1.816
1.150
1.123
1.234
1.153
1.156
1.293
1.124
1.745
1.249
1.080
1.133
1.253
1.107
1.173
1.288
1.190
1.682
1.185
1.096
1.185
1.246
1.191
1.184
1.237
1.754
1.192
1.200
1.100
1.109
1.271
1.138
1.149
1.273
1.777
1.189
1.267
1.129
1.180
1.226
1.169
1.119
1.717
1.151
1.199
1.210
1.137
1.189
1.264
1.152
1.787
1.296
1.143
1.158
1.177
1.098
1.232
1.205
1.693
1.162
1.235
1.112
1.372
1.264
1.171
1.104
1.185
1.691
1.141
1.228
1.109
1.124
1.268
1.145
1.147
1.911
1.158
1.167
1.199
1.151
1.185
1.222
1.165
1.785
1.213
1.114
1.202
1.235
1.189
1.144
1.205
1.862
1.169
1.235
1.209
1.169
1.245
1.152
1.127
1.215
1.722
1.201
1.307
1.108
1.177
1.181
1.111
1.163
1.748
1.116
1.219
1.218
1.154
1.151
1.226
1.138
1.634
1.191
1.148
1.237
1.300
1.122
1.123
1.252
1.145
1.659
1.297
1.098
1.192
1.313
1.166
1.190
1.251
1.561
1.209
1.264
1.147
1.150
1.227
1.186
1.207
3.248
1.202
1.175
1.212
1.141
1.204
1.314
1.177
1.162
2.041
1.142
1.149
1.194
1.166
1.190
1.229
1.165
1.726
1.234
1.211
1.144
1.221
1.129
1.106
1.284
1.733
1.086
1.203
1.139
1.125
1.253
1.167
1.169
1.908
1.133
1.162
1.190
1.153
1.154
1.247
1.136
1.755
1.207
1.143
1.119
1.199
1.174
1.143
1.246
1.788
1.231
1.197
1.119
1.150
1.279
1.117
1.112
1.309
1.748
1.101
1.235
1.213
1.145
1.226
1.139
1.100
1.897
1.135
1.113
1.247
1.125
1.109
1.227
1.121
1.659
1.273
1.052
1.097
1.203
1.170
1.159
1.325
1.716
1.100
1.252
1.204
1.185
1.221
1.162
1.105
1.896
1.157
1.187
1.251
1.180
1.133
1.221
1.211
1.750
1.301
1.086
1.103
1.242
1.114
1.143
1.308
1.180
1.510
1.259
1.168
1.176
1.271
1.220
1.177
1.261
1.843
1.188
1.199
1.115
1.113
1.193
1.175
1.184
1.665
1.113
1.154
1.191
1.158
1.148
1.179
1.156
1.825
1.172
1.147
1.115
1.166
1.149
1.156
1.192
1.740
1.149
1.239
1.199
1.146
1.219
1.176
1.179
1.731
1.189
1.157
1.196
1.135
1.242
1.230
1.127
1.146
1.824
1.166
