1.128
1.222
1.165
1.080
1.222
1.154
1.632
1.247
1.129
1.100
1.215
1.140
1.121
1.275
1.170
1.069
1.866
1.160
1.118
1.129
1.199
1.119
1.278
1.083
1.112
1.721
1.140
1.104
1.194
1.105
1.085
1.206
1.170
1.102
1.218
1.148
1.623
1.279
1.112
1.140
1.224
1.125
1.125
1.250
1.096
3.167
1.210
1.130
1.072
1.167
1.092
1.041
1.193
1.127
1.163
2.030
1.117
1.102
1.154
1.114
1.083
1.260
1.132
1.075
1.212
1.641
1.139
1.166
1.115
1.178
1.218
1.103
1.138
1.258
1.632
1.106
1.250
1.140
1.133
1.274
1.111
1.109
1.206
1.148
1.754
1.194
1.177
1.143
1.291
1.161
1.232
1.295
1.109
1.173
1.786
1.124
1.089
1.196
1.113
1.124
1.259
1.171
1.080
3.232
1.141
1.101
1.186
1.146
1.114
1.252
1.211
1.102
1.258
1.706
1.102
1.178
1.169
1.098
1.173
1.135
1.097
1.209
1.637
1.100
1.215
1.109
1.098
1.168
1.139
1.153
1.164
1.784
1.010
1.228
1.114
1.130
1.199
1.231
1.081
1.221
1.787
1.138
1.177
1.109
1.070
1.243
1.123
1.093
1.268
1.156
1.615
1.189
1.155
1.116
1.229
1.108
1.102
1.298
1.240
1.932
1.228
1.178
1.015
1.165
1.143
1.096
1.321
1.717
1.120
1.273
1.112
1.073
1.231
1.116
1.126
1.197
1.143
1.717
1.238
1.088
1.094
1.195
1.220
1.087
1.200
1.152
1.746
1.201
1.231
1.099
1.262
1.091
1.083
1.194
1.202
1.705
1.182
1.079
1.121
1.159
1.157
1.066
1.206
1.197
1.695
1.232
1.121
1.093
1.231
1.171
1.047
1.339
1.117
1.756
1.287
1.224
1.115
1.225
1.153
1.084
1.181
1.165
1.814
1.145
1.113
1.096
1.209
1.160
1.106
1.245
1.110
1.125
1.719
1.213
1.136
1.296
1.151
1.136
1.229
1.151
1.111
1.791
1.147
1.085
1.281
1.115
1.104
1.233
1.091
1.146
1.690
1.164
1.095
1.193
1.118
1.139
1.249
1.193
1.151
1.842
1.107
1.101
1.207
1.143
1.141
1.200
1.083
1.072
1.865
1.142
1.025
1.188
1.205
1.102
1.197
1.150
1.114
1.912
1.108
1.102
1.214
1.149
1.147
1.216
1.106
1.139
1.958
1.103
1.060
1.150
1.149
1.160
1.227
1.132
1.107
1.975
1.128
1.070
1.181
1.166
1.113
1.196
1.125
1.056
1.851
1.199
1.111
1.272
1.147
1.153
1.281
1.144
1.150
1.682
1.141
1.134
1.307
1.128
1.120
1.193
1.137
1.128
1.739
1.105
1.087
1.210
1.136
1.062
1.194
1.142
1.090
1.945
1.046
1.120
1.188
1.154
1.158
1.246
1.136
1.046
1.832
1.086
1.093
1.237
1.185
1.087
1.225
1.136
1.069
1.916
1.177
1.091
1.250
1.214
1.272
1.378
1.144
1.093
1.847
1.041
1.122
1.286
1.209
1.092
1.210
1.161
1.102
1.885
1.080
1.129
1.166
1.124
1.128
1.245
1.138
1.102
1.852
1.064
1.101
1.205
1.131
1.111
1.327
1.119
1.087
1.959
1.104
1.090
1.236
1.095
1.121
1.234
1.132
1.076
1.956
1.062
1.096
1.222
1.173
1.103
1.194
1.154
1.085
1.921
1.124
1.076
1.237
1.172
1.130
1.253
1.151
1.206
1.883
1.109
1.150
1.221
1.149
1.114
1.232
1.167
1.097
1.974
1.170
1.122
1.210
1.187
1.201
1.177
1.161
1.077
1.243
1.652
1.103
1.250
1.162
1.128
1.285
1.117
1.162
1.272
1.733
1.132
1.351
1.069
1.079
1.190
1.175
1.077
1.229
1.726
1.064
1.197
1.291
1.070
1.187
1.127
1.068
1.935
1.103
1.088
1.232
1.126
1.116
1.345
1.139
1.099
1.886
1.076
1.166
1.293
1.206
1.072
1.220
1.157
1.072
1.237
1.712
1.074
1.196
1.170
1.122
1.292
1.093
1.146
1.230
1.746
1.053
1.183
1.225
1.226
1.279
1.184
1.049
1.214
1.642
1.146
1.154
1.177
1.078
1.312
1.175
1.174
1.261
1.785
1.083
1.193
1.190
1.236
1.283
1.127
1.054
1.958
1.078
1.093
1.246
1.123
1.179
1.295
1.152
1.117
1.855
1.070
1.124
1.270
1.169
1.140
1.186
1.142
1.105
2.002
1.077
1.183
1.268
1.172
1.093
1.220
1.149
1.122
1.740
1.172
1.124
1.224
1.117
1.120
1.348
1.124
1.099
1.792
1.161
1.208
1.268
1.152
1.101
1.192
1.137
1.826
1.178
1.132
1.065
1.212
1.142
1.107
1.159
1.109
1.744
1.215
1.110
1.108
1.271
1.129
1.091
1.236
1.158
1.788
1.221
1.104
1.111
1.199
1.089
1.114
1.322
1.734
1.166
1.186
1.126
1.124
1.175
1.131
1.126
1.207
1.753
1.137
1.200
1.098
1.109
1.145
1.160
1.092
1.272
1.653
1.108
1.246
1.167
1.089
1.184
1.193
1.118
1.913
1.104
1.152
1.258
1.134
1.098
1.239
1.145
1.124
3.243
1.089
1.112
1.245
1.165
1.145
1.218
1.155
1.105
1.980
1.057
1.140
1.207
1.217
1.117
1.273
1.153
1.141
1.906
1.254
1.098
1.138
1.123
1.057
1.270
1.153
1.753
1.230
1.106
1.146
1.231
1.119
1.137
1.220
1.126
1.608
1.236
1.122
1.094
1.201
1.141
1.150
1.215
1.773
1.142
1.206
1.093
1.154
1.231
1.177
1.163
1.197
1.769
1.149
1.207
1.151
1.082
1.205
1.093
1.114
1.312
1.670
1.059
1.160
1.139
1.094
1.139
1.095
1.100
1.285
1.758
1.063
1.236
1.109
1.108
1.259
1.148
1.094
1.308
1.773
1.172
1.288
1.185
1.095
1.271
1.221
1.138
1.760
1.138
1.076
1.240
1.204
1.064
1.175
1.204
1.090
2.006
1.035
1.065
1.160
1.100
1.106
1.186
1.140
1.131
1.855
1.139
1.084
1.222
1.260
1.119
1.230
1.133
1.767
1.240
1.149
1.129
1.236
1.132
1.178
1.245
1.184
1.755
1.225
1.117
1.083
1.186
1.185
1.139
1.277
1.184
1.711
1.242
1.219
1.102
1.196
1.129
1.098
1.155
1.830
1.145
1.235
1.127
1.053
1.155
1.187
1.084
1.216
1.781
1.137
1.240
1.216
1.120
1.296
1.129
1.112
1.184
1.806
1.192
1.191
1.150
1.152
1.228
1.164
1.073
1.861
1.146
1.107
1.226
1.145
1.081
1.208
1.126
1.066
1.916
1.272
1.146
1.253
1.123
1.066
1.220
1.134
1.187
1.879
1.158
1.115
1.221
1.178
1.090
1.210
1.100
1.655
1.180
1.089
1.169
1.237
1.158
1.047
1.185
1.145
1.684
1.154
1.139
1.127
1.220
1.106
1.151
1.226
1.190
1.651
1.168
1.101
1.116
1.234
1.180
1.076
1.177
1.793
1.159
1.222
1.163
1.129
1.285
1.113
1.187
1.260
1.750
1.136
1.214
1.165
1.107
1.249
1.146
1.143
1.956
1.053
1.091
1.142
1.147
1.114
1.280
1.170
1.099
1.923
1.105
1.136
1.264
1.182
1.139
1.186
1.159
1.164
1.759
1.130
1.125
1.223
1.161
1.105
1.206
1.149
1.660
1.246
1.160
1.165
1.226
1.144
1.075
1.265
1.128
1.613
1.265
1.161
1.060
1.264
1.145
1.091
1.236
1.201
1.808
1.384
1.129
1.086
1.218
1.152
1.091
1.198
1.674
1.057
1.207
1.194
1.102
1.274
1.125
1.068
1.247
1.642
1.195
1.235
1.114
1.130
1.250
1.179
1.128
1.241
1.679
1.100
1.248
1.178
1.079
1.202
1.208
1.135
3.186
1.054
1.168
1.223
1.113
1.117
1.237
1.158
1.080
1.830
1.170
1.065
1.188
1.168
1.076
1.283
1.120
1.632
1.215
1.112
1.132
1.239
1.126
1.138
1.230
1.136
1.708
1.311
1.108
1.090
1.197
1.169
1.102
1.233
1.151
1.633
1.194
1.133
1.072
1.230
1.075
1.146
1.249
1.694
1.115
1.243
1.214
1.084
1.166
1.125
1.068
1.286
1.749
1.106
1.242
1.147
1.089
1.318
1.320
1.151
2.032
1.085
1.099
1.314
1.169
1.085
1.300
1.128
1.640
1.261
1.124
1.090
