3.455
3.601
3.158
4.098
3.238
3.741
3.402
3.580
3.177
4.328
3.157
3.877
3.964
3.293
4.013
3.627
3.461
3.366
3.824
3.294
3.483
3.525
3.653
3.303
4.267
3.203
3.789
3.359
3.616
3.293
4.271
3.392
4.087
4.053
3.280
3.905
3.459
3.410
4.210
3.893
3.932
3.162
3.740
3.267
3.662
3.285
5.304
3.208
3.572
3.280
3.597
3.265
4.105
3.232
3.458
3.285
3.486
3.212
4.236
3.266
3.943
3.852
3.251
3.574
3.287
3.417
3.218
3.825
3.279
3.615
3.323
3.749
3.296
4.025
3.209
3.931
3.264
3.443
3.248
4.216
3.204
3.498
3.198
3.645
3.180
4.087
3.157
3.653
3.277
3.735
3.181
3.952
3.816
3.271
3.654
3.350
3.683
3.286
3.591
3.276
4.051
3.207
3.735
3.239
3.558
3.298
4.247
3.216
3.706
3.213
3.563
3.187
5.317
3.219
3.647
3.220
3.930
3.224
4.099
3.185
3.793
3.243
3.788
3.309
3.937
3.568
3.298
3.761
3.183
3.468
3.293
3.754
3.210
4.136
3.177
3.660
3.233
3.626
3.215
4.079
3.214
3.686
3.247
3.558
3.248
4.155
3.224
3.688
3.248
3.802
3.224
3.904
3.876
3.228
3.875
3.293
3.600
3.308
3.561
3.254
4.140
3.238
3.679
3.312
3.683
3.264
5.373
3.178
3.674
3.200
3.543
3.161
5.214
3.162
3.631
3.330
3.685
3.832
3.315
3.420
3.230
3.734
3.237
3.617
3.516
3.660
3.275
4.032
3.209
3.848
3.749
3.564
3.261
4.251
3.159
3.750
3.310
3.732
3.287
5.296
3.174
3.703
3.221
3.468
3.271
4.240
3.198
3.836
3.223
3.853
3.749
3.403
3.543
3.427
4.089
3.222
3.784
3.317
3.498
3.254
5.275
3.238
3.850
3.241
3.646
3.233
4.063
3.134
3.646
3.275
3.823
3.249
4.174
3.217
3.641
3.245
3.839
3.740
3.643
3.339
3.370
3.979
3.326
3.573
3.275
3.741
3.214
5.302
3.194
3.651
3.265
3.845
3.838
3.265
3.328
3.231
3.989
3.232
3.579
3.276
3.485
3.202
4.235
3.193
3.722
3.331
3.657
3.262
4.103
3.226
5.229
3.215
3.685
3.232
5.340
3.165
3.620
3.884
3.270
3.424
3.268
3.630
3.358
4.089
3.223
3.566
3.266
3.589
3.239
4.328
3.246
3.660
3.238
3.535
3.147
4.079
3.225
3.911
3.936
3.237
3.670
3.419
3.496
3.296
4.088
3.275
3.707
3.318
3.716
3.283
5.375
3.217
3.666
3.429
3.477
3.269
5.241
3.179
3.898
3.979
3.211
3.533
3.337
3.414
3.287
4.143
3.230
3.880
3.306
3.515
3.295
4.007
3.163
3.611
3.237
3.908
3.292
4.200
3.420
3.799
3.225
3.804
3.945
3.365
3.525
3.277
4.037
3.246
3.697
3.301
3.601
3.212
3.916
3.413
3.269
4.092
3.242
3.481
3.259
3.615
3.272
4.086
3.205
3.604
3.283
3.463
3.223
4.118
3.167
3.517
3.225
3.554
3.313
4.209
3.201
3.486
3.244
3.777
3.291
4.028
3.622
3.243
4.192
3.198
3.661
3.259
3.735
3.282
4.083
3.196
3.588
3.273
3.573
3.219
5.232
3.171
3.664
3.228
3.890
3.208
4.053
3.858
3.235
3.986
3.217
3.563
3.308
3.651
3.270
4.039
3.211
3.629
3.260
3.548
3.223
4.125
3.167
3.698
3.208
3.370
3.218
5.225
3.180
3.738
3.290
3.879
3.235
4.070
3.883
3.259
3.866
3.233
3.608
3.319
3.819
3.195
4.033
3.194
3.910
3.744
3.287
3.617
3.297
3.579
3.199
4.068
3.206
3.690
3.261
3.411
3.222
4.034
3.130
3.541
3.261
3.697
3.220
5.263
3.174
3.498
3.215
4.144
3.163
4.577
3.539
3.261
4.097
3.187
3.685
3.415
3.604
3.215
3.854
3.463
3.370
3.941
3.248
3.602
3.371
3.556
3.233
4.150
3.312
3.622
3.193
3.381
3.176
4.032
3.212
3.854
4.051
3.215
3.463
3.281
3.659
3.254
4.185
3.807
3.213
4.064
3.247
3.645
3.276
3.820
3.284
4.105
3.255
3.692
3.277
3.612
3.275
4.004
3.173
3.887
3.950
3.265
3.512
3.268
3.554
3.234
4.086
3.193
3.525
3.344
3.565
3.164
5.236
3.162
3.526
3.225
3.884
3.701
3.386
3.473
3.234
4.117
3.184
3.580
3.208
3.940
3.524
3.405
3.516
3.219
3.942
3.224
3.632
3.262
3.535
3.291
4.092
3.168
3.559
3.192
3.836
3.235
3.932
3.695
3.288
4.011
3.289
3.513
3.305
3.358
3.218
4.134
3.378
3.740
3.539
3.456
3.227
5.290
3.200
3.613
3.352
3.982
3.803
3.462
3.551
3.266
4.034
3.182
3.597
3.213
3.506
3.208
4.127
3.190
3.469
3.272
3.542
3.244
5.316
3.204
3.942
3.883
3.179
3.651
3.433
3.563
3.390
4.313
3.210
3.654
3.315
3.602
3.213
5.213
3.327
3.591
3.305
3.903
3.974
3.370
3.448
3.275
5.291
3.234
3.602
3.253
3.900
3.862
3.285
3.735
3.231
4.734
3.261
3.902
3.324
3.680
3.274
4.115
3.170
3.495
3.245
3.898
3.916
3.319
3.506
3.264
3.976
3.238
3.580
3.269
3.535
3.246
4.070
3.222
3.817
3.231
3.500
3.175
3.976
3.858
3.289
3.967
3.275
3.501
3.280
3.803
3.192
5.301
3.179
3.709
3.301
3.527
3.218
4.235
3.275
3.880
3.969
3.247
3.843
3.603
4.081
3.315
4.357
3.214
3.683
3.194
3.612
3.196
4.273
3.232
3.601
3.447
3.874
3.528
3.290
3.639
3.354
4.226
3.170
3.662
3.247
3.581
3.254
4.075
3.172
3.682
3.252
3.597
3.276
3.887
3.861
3.278
3.793
3.284
3.645
3.320
3.868
3.215
4.181
3.194
3.603
3.313
3.677
3.240
4.186
3.217
3.898
3.674
3.344
3.606
3.389
3.706
3.437
3.965
3.194
3.648
3.335
3.768
3.219
4.099
3.564
3.348
3.708
3.284
3.620
3.449
3.472
3.270
4.120
3.287
3.634
3.343
3.497
3.202
3.975
3.157
3.561
3.911
3.242
3.655
3.454
3.706
3.284
3.922
3.182
3.539
3.244
3.459
3.237
4.135
3.163
3.445
3.344
3.494
3.239
4.356
3.388
3.326
4.017
3.217
3.389
3.332
3.549
3.215
3.949
3.147
3.611
3.349
3.573
3.225
4.372
3.447
3.221
4.218
3.205
3.619
3.346
3.711
3.230
4.190
3.190
3.532
3.191
3.996
3.539
3.354
3.549
3.309
4.059
3.204
3.714
3.275
3.565
3.304
4.263
3.165
4.091
4.401
3.296
3.766
3.346
3.386
3.274
4.002
3.208
3.638
3.320
3.414
3.271
4.050
3.227
4.126
3.711
3.206
3.703
3.371
3.523
3.239
4.177
3.211
3.807
3.360
3.436
3.558
3.389
3.452
3.249
4.070
3.235
3.667
3.245
3.481
3.272
3.989
3.173
3.875
3.557
3.284
3.667
3.260
3.388
3.282
3.959
3.198
3.686
3.449
3.678
3.310
4.231
3.208
3.949
3.650
3.246
3.511
3.280
3.529
3.209
4.326
3.194
3.782
3.697
3.232
3.697
3.525
3.516
3.190
3.955
3.152
3.955
3.908
3.268
3.661
3.399
3.680
3.269
4.082
3.213
3.569
3.251
3.784
3.445
3.380
3.619
3.461
3.862
3.168
3.600
3.292
3.385
3.220
4.158
3.198
3.422
3.279
3.894
3.439
3.365
3.491
3.338
4.035
3.212
3.425
3.213
3.604
3.189
4.247
3.513
3.258
4.030
3.189
3.485
3.294
3.514
3.218
4.073
3.814
3.278
4.166
3.229
3.832
3.266
3.778
3.894
3.658
3.570
3.298
4.013
3.180
3.576
3.343
3.573
3.748
3.409
3.845
3.294
4.211
3.216
3.588
3.241
3.454
3.245
4.181
3.441
3.237
3.842
3.252
3.649
3.468
3.525
3.210
3.960
3.423
3.240
3.840
3.236
3.458
3.328
3.565
3.206
4.016
3.347
3.276
3.825
3.245
3.733
3.416
3.567
3.302
4.266
3.208
5.271
3.375
3.786
3.854
3.430
3.562
3.354
3.992
3.250
3.602
3.339
3.641
3.248
4.116
3.487
3.416
