1.073
1.045
1.178
1.099
1.134
1.312
1.694
1.048
1.174
1.057
1.012
1.141
1.097
1.059
1.262
1.623
1.258
1.147
1.164
1.079
1.189
1.083
1.040
1.238
1.105
1.762
1.201
1.109
1.055
1.165
1.094
1.052
1.143
1.125
1.538
1.245
1.107
1.060
1.130
1.083
1.036
1.486
1.097
1.030
1.821
1.212
1.009
1.193
1.097
1.053
1.188
1.032
1.078
1.857
1.122
1.091
1.184
1.110
1.041
1.164
1.059
1.106
1.267
1.694
1.103
1.230
1.127
1.039
1.175
1.152
1.012
1.176
1.793
1.093
1.181
1.138
1.012
1.224
1.142
1.070
1.850
1.021
1.020
1.196
1.051
1.058
1.178
1.083
1.042
1.160
1.624
1.043
1.161
1.114
1.051
1.189
1.100
1.158
1.156
1.083
1.550
1.170
1.058
1.050
1.251
1.150
1.089
1.281
1.046
1.677
1.165
1.082
1.093
1.144
1.109
1.018
1.275
1.224
1.670
1.217
1.132
1.020
1.113
1.126
1.124
1.304
1.053
1.067
1.840
1.090
1.066
1.216
1.178
1.055
1.278
1.070
1.065
1.849
1.035
1.044
1.212
1.094
1.054
1.127
1.090
1.039
1.156
1.673
1.060
1.224
1.111
1.054
1.199
1.126
1.098
1.207
1.615
1.051
1.172
1.094
1.026
1.219
1.097
1.045
1.174
1.625
1.048
1.215
1.143
1.084
1.252
1.211
1.083
1.174
1.764
1.057
1.184
1.048
1.009
1.155
1.062
1.027
1.188
1.758
1.056
1.133
1.087
1.053
1.232
1.108
1.035
1.179
1.097
1.650
1.321
1.328
1.421
1.972
1.151
1.095
1.051
1.175
1.135
1.080
1.684
1.141
1.074
1.176
1.083
1.053
1.186
1.204
1.560
1.149
1.070
0.994
1.110
1.191
1.049
1.132
1.153
1.562
1.126
1.077
1.053
1.190
1.178
1.051
1.172
1.098
1.040
1.681
1.136
1.022
1.152
1.112
1.087
1.142
1.149
1.084
1.732
1.102
1.087
1.174
1.089
1.049
1.193
1.100
1.102
2.034
1.094
1.064
1.187
1.058
1.051
1.199
1.169
1.007
2.173
1.051
1.145
1.163
1.066
1.025
1.112
1.187
1.047
1.975
1.146
1.073
1.241
1.138
1.017
1.193
1.145
1.103
2.980
1.083
1.099
1.143
1.164
1.044
1.129
1.168
1.066
1.133
1.861
1.019
1.161
1.190
1.031
1.141
1.133
1.031
1.156
1.656
1.022
1.130
1.137
1.070
1.120
1.060
1.030
1.207
1.097
1.570
1.140
1.174
1.021
1.178
1.095
1.018
1.145
1.057
1.534
1.146
1.150
1.021
1.148
1.116
1.018
1.119
1.165
1.736
1.135
1.266
1.045
1.201
1.096
1.068
1.135
1.081
1.674
1.113
1.118
1.026
1.221
1.106
1.044
1.121
1.107
1.684
1.167
1.137
1.038
1.088
1.117
1.104
1.152
1.175
1.689
1.143
1.154
1.035
1.140
1.227
1.073
1.174
1.184
1.797
1.205
1.113
1.047
1.149
1.121
1.046
1.233
1.146
1.869
1.207
1.115
1.062
1.214
1.124
1.113
1.118
1.197
1.669
1.224
1.149
1.046
1.200
1.129
1.102
1.195
1.114
1.137
1.813
1.120
1.039
1.132
1.109
1.065
1.337
1.121
1.097
1.912
1.018
1.059
1.168
1.118
1.025
1.120
1.123
1.050
1.132
1.861
1.060
1.183
1.101
1.097
1.170
1.119
1.034
2.949
1.117
1.020
1.372
1.077
1.099
1.131
1.111
1.034
2.971
1.032
1.064
1.196
1.163
1.057
1.107
1.107
1.063
1.730
1.085
1.023
1.155
1.086
1.024
1.212
1.199
1.061
1.942
1.140
1.082
1.160
1.126
1.019
1.256
1.171
1.091
1.077
1.816
1.071
1.232
1.186
1.033
1.193
1.113
1.041
1.125
1.753
1.073
1.129
1.105
1.023
1.172
1.088
1.048
1.175
1.861
1.059
1.215
1.239
1.049
1.239
1.087
1.033
1.150
1.777
1.126
1.119
1.270
1.101
1.112
1.124
1.056
1.226
1.758
1.064
1.134
1.133
1.032
1.209
1.190
1.104
1.204
1.819
1.125
1.362
1.137
1.036
1.159
1.179
1.062
1.211
1.158
1.729
1.181
1.124
1.088
1.156
1.191
1.020
1.173
1.741
1.030
1.231
1.120
1.069
1.154
1.168
1.047
1.160
1.848
1.079
1.137
1.092
1.041
1.156
1.180
1.035
1.244
1.758
1.092
1.122
1.140
1.058
1.160
1.163
0.985
1.189
1.932
1.120
1.229
1.123
0.986
1.174
1.065
1.069
1.212
1.086
1.621
1.393
1.392
1.073
1.154
1.164
1.068
1.180
1.831
1.086
1.252
1.195
1.045
1.188
1.136
1.173
1.156
1.722
1.055
1.156
1.148
1.048
1.150
1.116
1.035
1.163
1.859
1.072
1.192
1.167
1.100
1.169
1.092
1.040
1.296
1.787
0.987
1.117
1.137
1.039
1.315
1.126
1.043
1.143
1.185
1.633
1.115
1.181
0.994
1.119
1.092
1.036
1.209
1.105
1.595
1.205
1.141
1.061
1.162
1.167
1.078
1.162
1.092
1.564
1.142
1.148
1.074
1.146
1.152
1.072
1.195
1.095
1.670
1.086
1.104
1.036
1.152
1.172
1.029
1.162
1.110
1.611
1.165
1.143
1.010
1.285
1.146
1.011
1.121
1.090
1.724
1.174
1.108
0.983
1.176
1.146
1.024
1.092
1.165
1.597
1.117
1.129
1.084
1.179
1.180
1.114
1.168
1.170
1.667
1.222
1.130
1.047
1.238
1.134
1.049
1.266
1.453
1.632
1.178
1.092
1.077
1.202
1.129
1.102
1.175
1.127
1.726
1.185
1.100
1.017
1.150
1.188
1.067
1.167
1.163
1.706
1.151
1.115
1.043
1.217
1.160
1.194
1.091
1.187
1.631
1.173
1.093
1.053
1.187
1.242
1.009
1.141
1.138
1.628
1.112
1.167
1.064
1.142
1.141
1.085
1.169
1.235
1.601
1.145
1.283
1.005
1.318
1.145
1.100
1.247
1.156
1.623
1.138
1.207
1.057
1.143
1.108
1.100
1.101
1.138
1.726
1.194
1.096
1.020
1.120
1.220
1.006
1.158
1.154
1.692
1.086
1.177
1.000
1.161
1.130
1.089
1.247
1.109
1.752
1.128
1.124
1.068
1.212
1.120
1.016
1.159
1.128
1.626
1.122
1.146
1.058
1.129
1.107
1.041
1.193
1.173
1.760
1.162
1.117
1.095
1.186
1.140
1.068
1.269
1.149
1.619
1.151
1.137
1.047
1.134
1.230
1.151
1.244
1.140
1.766
1.310
1.177
1.065
1.109
1.200
1.036
1.124
1.185
1.770
1.168
1.160
1.035
1.171
1.183
1.015
1.175
1.189
1.651
1.133
1.142
1.034
1.252
1.193
1.040
1.171
1.112
1.722
1.152
1.128
1.031
1.231
1.320
1.034
1.117
1.654
1.070
1.207
1.190
1.079
1.169
1.077
1.089
1.192
1.776
1.072
1.202
1.135
1.031
1.112
1.189
1.083
1.208
1.816
1.020
1.253
1.183
1.051
1.192
1.094
1.055
1.147
1.755
1.048
1.175
1.173
0.983
1.123
1.109
1.020
1.119
1.162
1.610
1.219
1.156
1.037
1.209
1.135
1.021
1.149
1.788
1.082
1.233
1.191
1.072
1.206
1.140
1.066
1.226
1.792
1.031
1.186
1.057
1.028
1.136
1.164
1.066
1.162
1.898
1.047
1.167
1.111
1.137
1.263
1.242
1.048
1.195
1.877
1.028
1.162
1.131
1.057
1.116
1.135
1.137
1.197
1.814
1.092
1.175
1.152
1.086
1.144
1.179
1.030
2.963
1.093
1.069
1.166
1.172
1.037
1.359
1.172
1.046
1.977
1.026
1.077
1.162
1.157
1.112
1.145
1.122
1.040
1.993
1.085
1.031
1.201
1.187
1.081
1.184
1.106
1.070
2.034
1.047
1.073
1.179
1.224
1.208
1.160
1.091
1.080
1.929
1.066
1.067
1.480
1.070
1.040
1.138
1.201
1.039
1.156
1.977
1.050
1.198
1.167
1.009
1.238
1.116
0.996
1.573
1.243
1.104
1.158
1.145
1.118
1.108
1.195
1.051
1.778
1.183
1.055
1.132
1.213
1.149
1.170
1.123
1.649
1.208
1.187
1.053
1.178
1.220
1.026
1.176
1.112
1.654
1.297
1.111
1.053
1.218
1.195
1.111
1.336
1.524
1.087
1.817
