2.201
1.395
1.989
1.689
1.366
1.333
1.810
2.268
1.394
1.728
1.460
1.296
3.375
1.369
1.367
1.676
1.395
2.090
1.693
1.468
1.314
1.849
2.284
1.348
1.706
1.462
1.327
3.297
1.328
1.349
1.648
1.458
1.957
1.573
1.404
1.308
3.294
1.366
1.423
1.573
2.184
1.400
1.618
1.457
1.613
3.281
1.364
1.530
1.730
1.513
2.103
1.693
1.419
1.358
3.345
1.363
1.394
1.643
2.221
1.370
1.839
1.737
1.357
3.392
1.316
1.305
1.684
1.526
2.020
1.768
1.486
1.350
1.679
2.422
1.368
1.675
1.454
1.311
3.246
1.329
1.397
1.608
2.279
1.466
1.811
1.395
2.103
1.751
1.426
1.310
1.520
2.171
1.342
1.612
1.449
1.355
3.460
1.603
2.036
2.594
1.511
1.637
1.286
3.205
1.389
1.347
1.589
3.287
1.357
1.566
1.597
1.294
1.588
1.559
1.405
1.549
3.414
1.407
1.550
1.709
1.460
1.573
1.500
1.375
1.394
3.339
1.385
1.520
1.573
1.494
1.495
1.496
1.385
1.440
3.361
1.539
1.455
1.730
1.391
1.567
1.567
1.336
1.453
3.301
1.498
1.502
1.624
1.375
1.819
1.763
1.298
1.425
2.444
1.438
1.424
1.640
1.398
1.465
1.610
1.353
1.393
2.329
1.435
1.619
1.606
1.346
1.552
1.626
1.292
1.500
1.501
2.075
1.497
1.644
1.371
1.813
1.567
1.309
1.370
1.594
2.018
1.577
1.632
1.319
1.496
1.725
1.291
1.434
1.565
3.731
1.439
1.607
1.240
1.437
1.560
1.263
1.414
1.606
1.319
1.600
1.746
1.400
1.356
1.541
1.995
1.408
1.489
1.358
1.400
1.549
1.325
1.523
1.498
1.294
1.533
1.692
1.371
1.444
1.514
1.927
1.462
1.509
1.289
1.436
1.625
1.280
1.442
1.700
1.356
1.447
1.523
1.354
1.304
1.511
1.929
1.502
1.578
1.381
1.451
1.598
1.276
1.441
1.570
1.378
1.565
1.800
1.301
1.547
1.443
1.328
3.167
1.275
1.212
1.505
1.510
1.343
1.482
1.526
1.293
1.498
1.870
1.284
1.433
1.582
1.335
3.726
1.527
1.368
1.373
1.739
1.331
1.448
1.613
1.353
1.813
1.628
1.217
1.353
1.498
1.310
1.857
1.602
1.345
1.411
1.540
1.316
1.437
1.580
1.345
1.483
1.555
1.575
1.476
1.545
1.957
1.526
1.535
1.287
1.437
1.593
1.330
1.358
1.731
1.354
1.424
1.433
1.345
1.480
1.656
1.923
1.406
1.596
1.355
1.431
1.570
1.433
1.524
1.510
1.332
1.541
1.462
1.323
1.688
1.514
1.810
1.399
1.533
1.332
1.404
1.567
1.328
1.444
1.506
1.218
1.408
1.469
1.342
1.416
3.708
1.258
1.480
1.628
1.380
1.566
1.541
1.352
1.387
1.537
1.277
1.416
1.570
1.361
1.405
2.300
1.248
1.536
1.498
1.295
1.599
1.661
1.467
1.561
1.556
1.290
1.455
1.509
1.276
3.193
1.228
1.265
1.418
1.580
1.321
1.364
1.537
1.365
1.374
1.492
1.306
1.462
1.587
1.905
1.372
1.519
1.314
1.503
1.588
1.445
1.539
1.642
1.256
1.462
1.542
1.297
1.386
2.207
1.333
1.407
1.520
1.396
1.442
1.853
1.364
1.454
1.600
1.393
1.414
1.640
1.281
1.481
3.729
1.286
1.418
1.581
1.337
1.493
1.448
1.322
1.394
1.538
1.340
1.390
1.483
1.265
2.083
1.606
1.281
1.443
1.475
1.328
1.420
1.681
1.320
1.494
1.516
1.426
1.369
1.655
1.897
1.401
1.622
1.442
1.390
1.487
1.420
1.543
1.664
1.332
1.379
1.485
1.277
3.480
1.280
1.254
1.428
1.543
1.407
1.512
1.712
1.240
1.530
1.449
1.280
1.451
1.490
1.835
1.301
1.533
1.490
1.528
1.580
1.454
1.485
1.561
1.240
1.470
1.576
1.338
3.166
1.315
1.211
1.454
1.592
1.450
1.408
1.560
1.295
1.434
1.587
1.262
1.529
3.248
1.251
1.312
1.514
1.358
1.626
1.592
1.307
1.435
1.513
1.302
1.417
1.840
2.053
1.441
1.558
1.320
1.458
1.707
1.383
1.507
1.585
1.270
1.408
1.580
1.274
2.323
1.442
1.297
1.511
1.473
1.297
1.451
1.449
1.368
1.507
1.754
1.327
3.286
1.269
1.285
1.483
1.511
1.346
1.438
1.514
1.557
1.632
1.538
1.284
1.502
3.304
1.302
1.429
1.445
1.329
1.432
1.638
1.279
1.469
1.582
1.270
1.612
2.322
1.248
1.317
1.665
1.324
1.455
1.591
1.298
1.368
1.522
1.266
1.810
3.424
1.271
1.544
1.534
1.291
1.371
1.550
1.343
1.441
1.555
1.507
1.484
3.291
1.282
1.572
1.505
1.324
1.392
1.522
1.386
1.378
1.536
1.299
1.834
2.109
1.332
1.464
1.458
1.318
1.443
1.599
1.253
1.327
1.587
1.287
1.567
3.094
1.282
1.440
1.609
1.355
1.410
1.519
1.286
1.392
1.581
1.305
3.186
1.269
1.248
1.399
1.534
1.321
1.712
1.629
1.392
1.385
1.607
1.970
1.369
1.502
1.446
1.465
1.480
1.287
1.403
1.517
1.322
1.639
2.131
1.894
1.452
1.517
1.288
1.457
1.567
1.299
1.433
1.591
1.328
1.457
3.295
1.226
1.441
1.728
1.382
1.497
1.695
1.330
1.442
1.564
1.343
2.324
1.490
1.242
1.443
1.802
1.512
1.420
1.554
1.390
1.468
1.589
3.352
1.471
1.568
1.316
1.381
1.515
1.456
1.528
1.474
1.354
1.433
1.484
1.901
1.492
1.519
1.361
1.512
1.580
1.495
1.414
1.518
1.382
1.735
2.475
1.251
1.458
1.559
1.340
1.435
1.539
1.353
1.464
1.597
1.957
1.488
1.481
1.347
1.422
1.522
1.383
1.359
1.468
1.449
1.526
1.527
1.918
1.570
1.661
1.295
1.459
1.663
1.285
1.452
1.620
1.272
3.234
1.269
1.245
1.492
1.878
1.396
1.451
1.599
1.254
1.497
1.472
1.900
1.428
1.521
1.393
1.429
1.571
1.297
1.403
1.556
1.306
1.450
2.291
1.291
1.482
1.575
1.330
1.489
1.500
1.374
1.513
1.601
1.827
1.370
1.504
1.302
1.421
1.508
1.294
1.468
1.515
1.316
1.429
2.235
1.291
1.410
1.798
1.336
1.396
1.608
1.297
1.446
1.551
3.287
1.359
1.524
1.377
1.389
1.659
1.295
1.435
1.544
1.401
1.493
2.439
1.243
1.500
1.560
1.283
1.423
1.524
1.298
1.423
1.466
1.954
1.493
1.481
1.322
1.424
1.493
1.337
1.340
1.557
1.321
2.195
1.487
1.247
1.450
1.976
1.311
1.471
1.561
1.300
1.392
2.248
1.268
1.458
1.559
1.317
1.516
1.622
1.290
1.444
1.505
1.295
2.779
1.543
1.293
1.455
1.534
1.261
1.468
1.572
1.292
1.384
2.302
1.226
1.424
1.678
1.266
1.347
1.522
1.303
1.424
1.701
1.952
1.556
1.721
1.463
1.483
1.751
1.243
1.359
1.514
1.414
2.005
1.486
1.350
1.363
1.529
1.352
1.639
1.673
1.430
1.444
2.273
1.234
1.373
1.543
1.391
1.461
1.512
1.304
1.413
3.336
1.337
1.452
1.593
1.288
1.510
1.696
1.283
1.469
1.678
1.848
1.394
1.588
1.364
1.539
1.579
1.303
1.492
1.569
1.348
2.061
1.633
1.298
1.426
1.605
1.354
1.461
1.611
1.492
3.178
1.230
1.258
1.544
1.520
1.332
1.473
1.476
1.322
1.601
2.223
1.212
1.429
1.470
1.323
1.437
1.559
1.355
1.436
3.318
1.276
1.485
1.611
1.342
1.442
1.694
1.406
1.450
2.474
1.295
1.462
1.540
1.303
1.408
1.567
1.297
1.371
2.113
3.346
1.511
1.586
1.330
1.363
1.553
1.320
1.427
1.519
1.893
1.516
1.581
1.343
1.436
1.542
1.303
1.402
1.538
2.098
1.581
1.688
1.473
1.438
1.561
1.298
1.521
1.475
1.384
1.964
1.727
1.380
1.382
1.525
1.327
1.626
1.789
1.290
3.147
1.287
1.205
1.553
1.504
1.269
1.412
1.624
1.304
5.137
1.276
1.203
1.459
1.535
1.342
1.357
1.466
1.319
