1.435
1.495
1.452
1.307
1.906
1.420
1.461
1.461
1.447
1.945
1.466
1.524
1.459
1.427
2.002
1.553
1.430
1.466
1.349
1.445
1.929
1.431
1.508
1.434
1.358
2.090
1.448
1.550
1.498
1.441
1.442
2.127
1.433
1.356
1.503
1.430
1.476
1.430
1.388
1.412
1.443
1.386
2.114
1.447
1.429
1.495
1.471
1.407
1.442
1.543
1.358
1.402
1.486
2.058
1.455
1.496
1.493
1.376
2.231
1.460
1.581
1.512
1.467
1.400
2.291
1.433
1.399
1.395
1.401
2.174
1.551
1.408
1.454
1.568
1.366
1.884
1.484
1.443
1.456
1.557
2.068
1.489
1.448
1.533
1.360
1.435
2.009
1.540
1.461
1.385
1.535
2.062
1.573
1.332
1.513
1.501
1.417
2.120
1.481
1.377
1.532
1.388
2.039
1.557
1.500
1.411
1.450
1.456
2.027
1.502
1.391
1.424
1.413
2.031
1.413
1.474
1.453
1.453
1.477
2.110
1.399
1.452
1.423
1.420
2.044
1.497
1.441
1.436
1.426
1.339
2.068
1.514
1.497
1.401
1.478
2.050
1.513
1.409
1.480
1.452
1.402
2.089
1.473
1.393
1.474
1.411
2.227
1.496
1.604
1.553
1.332
1.614
2.122
1.434
1.428
1.438
1.469
2.099
1.459
1.344
1.503
1.426
1.429
2.016
1.447
1.369
1.470
1.450
2.138
1.455
1.392
1.657
1.458
1.954
1.389
1.408
1.407
1.447
1.461
2.075
1.420
1.432
1.451
1.415
2.099
1.548
1.504
1.486
1.461
1.435
2.128
1.433
1.424
1.465
1.468
1.962
1.490
1.410
1.350
1.409
2.075
1.452
1.407
1.521
1.435
1.532
2.095
1.442
1.476
1.411
1.370
1.997
1.602
1.615
1.457
1.479
1.387
2.104
1.481
1.448
1.441
1.504
2.097
1.495
1.533
1.456
1.430
1.407
2.112
1.471
1.492
1.390
1.496
2.063
1.456
1.424
1.530
1.372
1.438
1.556
1.388
1.431
1.443
1.409
2.131
1.426
1.363
1.567
1.474
1.428
1.855
1.488
1.439
1.365
1.398
2.215
1.484
1.509
1.359
1.584
2.044
1.508
1.441
1.436
1.373
1.412
2.116
1.460
1.374
1.471
1.390
2.211
1.505
1.382
1.406
1.534
1.351
2.058
1.402
1.398
1.493
1.377
2.042
1.531
1.448
1.362
1.551
1.941
1.441
1.470
1.433
1.471
1.415
2.032
1.433
1.441
1.426
1.365
2.109
1.490
1.357
1.480
1.466
1.405
2.095
1.427
1.390
1.541
1.402
2.056
1.448
1.547
1.410
1.329
1.353
1.998
1.478
1.429
1.448
1.487
2.147
1.459
1.560
1.486
1.418
3.215
1.464
1.443
1.528
1.398
1.323
2.162
1.434
1.349
1.488
1.404
2.072
1.555
1.498
1.626
1.488
1.422
1.989
1.498
1.397
1.347
1.430
2.198
1.442
1.377
1.394
1.388
2.101
1.479
1.376
1.498
1.465
1.395
1.994
1.521
1.445
1.444
1.408
2.024
1.463
1.409
1.424
1.515
1.388
2.062
1.486
1.401
1.469
1.432
2.063
1.482
1.374
1.402
1.384
2.054
1.499
1.373
1.492
1.449
1.358
1.989
1.432
1.414
1.462
1.420
2.065
1.496
1.418
1.356
1.451
1.464
2.033
1.393
1.432
1.504
1.583
2.062
1.397
1.429
1.416
1.330
2.175
1.480
1.530
1.416
1.440
1.413
2.144
1.449
1.525
1.465
1.419
1.891
1.521
1.491
1.414
1.426
1.463
2.073
1.474
1.437
1.394
1.536
1.934
1.401
1.425
1.492
1.470
1.368
2.018
1.395
1.422
1.422
1.374
2.122
1.395
1.397
1.426
1.404
2.014
1.510
1.411
1.431
1.475
1.464
1.952
1.535
1.409
1.377
1.419
2.031
1.443
1.529
1.399
1.375
1.455
2.086
1.534
1.489
1.412
1.414
2.055
1.612
1.337
1.455
1.362
1.341
2.144
1.367
1.423
1.480
1.409
1.963
1.478
1.492
1.354
1.438
2.063
1.476
1.513
1.411
1.348
1.452
2.122
1.433
1.467
1.468
1.383
2.278
1.622
1.408
1.449
1.416
1.339
2.040
1.388
1.397
1.462
1.410
2.002
1.472
1.449
1.545
1.464
2.122
1.440
1.463
1.414
1.344
1.481
1.980
1.425
1.415
1.401
1.398
2.104
1.546
1.414
1.439
1.411
1.381
2.083
1.522
1.387
1.380
1.410
2.051
1.439
1.494
1.467
1.470
1.350
1.904
1.436
1.472
1.305
1.451
2.087
1.448
1.415
1.371
1.412
2.072
1.459
1.398
1.441
1.433
1.374
2.097
1.482
1.443
1.434
1.384
2.040
1.542
1.446
1.340
1.452
1.377
1.985
1.424
1.528
1.442
1.406
2.026
1.363
1.495
1.381
1.384
3.385
1.482
1.410
1.659
1.436
1.430
3.308
1.334
1.333
1.850
1.494
1.955
1.714
1.448
1.346
1.624
1.434
2.190
1.648
1.424
1.414
1.709
2.055
1.486
1.651
1.450
1.365
1.662
1.959
1.402
1.610
1.463
1.364
3.223
1.401
1.381
1.612
1.428
2.000
1.651
1.378
1.369
1.695
1.430
2.045
1.637
1.450
1.381
1.695
2.167
1.480
1.654
1.479
1.311
1.589
2.110
1.502
1.674
1.409
1.395
3.387
1.411
1.381
1.639
1.408
1.371
3.265
1.411
1.390
1.675
1.418
1.966
1.763
1.399
1.419
1.570
1.418
2.015
1.687
1.416
1.338
1.597
2.127
1.496
1.613
1.384
1.324
3.389
1.473
1.414
1.584
1.437
1.416
3.254
1.444
1.384
1.672
1.400
2.074
1.658
1.425
1.324
1.662
1.447
2.050
1.666
1.418
1.336
1.604
2.116
1.406
1.723
1.397
1.345
1.608
2.265
1.448
1.620
1.365
1.334
3.277
1.384
1.391
1.723
1.398
2.013
1.588
1.417
1.367
1.661
1.408
2.008
1.535
1.428
1.377
1.597
2.001
1.500
1.661
1.444
1.356
1.679
2.010
1.443
1.619
1.473
1.389
3.247
1.389
1.382
1.643
1.420
1.472
2.296
1.456
1.417
1.619
1.435
2.127
1.585
1.451
1.437
1.608
1.999
1.442
1.652
1.377
1.366
1.599
2.098
1.496
1.670
1.438
1.420
3.360
1.375
1.411
1.702
1.432
1.438
2.205
1.730
1.382
1.638
1.444
2.068
1.658
1.511
1.350
1.655
2.067
1.521
1.671
1.448
1.386
1.560
2.001
1.369
1.697
1.430
1.350
3.254
1.435
1.399
1.645
1.461
1.400
1.972
1.390
1.499
1.605
1.480
1.966
1.746
1.528
1.387
1.754
1.482
1.958
1.669
1.472
1.328
1.621
2.008
1.390
1.644
1.501
1.370
3.342
1.405
1.493
1.659
1.379
1.375
3.220
1.433
1.385
1.779
1.492
1.958
1.726
1.476
1.338
1.673
1.396
2.019
1.710
1.478
1.387
1.633
1.970
1.458
1.665
1.426
1.469
3.441
1.443
1.468
1.609
1.392
1.360
3.241
1.442
1.373
1.607
1.377
2.058
1.711
1.432
1.421
1.561
1.414
1.920
1.651
1.454
1.393
1.619
1.987
1.409
1.676
1.428
1.395
1.602
2.078
1.371
1.634
1.425
1.384
3.267
1.382
1.356
1.571
1.448
1.375
2.167
1.446
1.519
1.589
1.414
2.010
1.714
1.479
1.371
1.639
1.672
1.993
1.691
1.397
1.387
1.714
2.068
1.445
1.685
1.471
1.349
2.357
1.353
1.445
1.734
1.395
1.414
3.268
1.355
1.396
1.750
2.089
1.431
1.387
1.479
2.218
1.408
1.474
1.515
1.417
2.100
1.462
1.515
1.540
1.443
1.372
1.998
1.453
1.438
1.434
1.450
1.402
1.564
1.437
1.399
1.478
1.381
2.087
1.431
1.451
1.372
1.415
1.391
1.968
1.404
1.416
1.437
1.435
2.030
1.467
1.533
1.391
1.381
1.468
2.114
1.384
1.422
1.491
1.368
1.420
2.063
1.461
1.449
1.395
1.377
1.973
1.454
1.371
1.433
1.380
1.347
2.158
1.424
1.396
1.486
1.381
1.930
1.450
1.457
1.375
1.410
1.451
2.027
1.420
1.469
1.381
1.417
2.113
1.425
1.501
1.396
1.459
1.506
2.064
1.424
1.501
1.447
1.334
2.080
1.641
1.461
1.475
1.413
1.393
2.020
1.416
1.445
1.386
1.438
1.364
2.042
1.449
