5.573
4.188
5.745
4.362
5.731
4.645
3.792
4.711
4.722
3.774
4.555
3.830
4.426
5.824
3.461
4.044
3.473
4.071
4.020
18.488
4.572
4.120
3.582
3.997
3.492
19.780
4.062
3.427
4.299
3.793
3.493
4.269
3.464
4.119
4.275
3.568
3.897
3.972
3.524
3.914
3.440
4.055
3.728
3.801
3.888
3.922
3.542
3.948
3.398
3.908
4.036
3.482
4.391
3.451
4.058
3.907
3.305
4.000
4.487
3.651
3.927
3.466
3.801
3.691
3.412
3.801
3.398
4.031
3.765
3.540
3.887
3.844
3.564
3.847
3.384
5.504
3.753
3.336
4.048
3.335
3.966
3.789
3.432
3.593
3.923
3.402
3.617
3.435
3.742
3.678
3.417
3.845
3.285
4.179
3.816
3.351
3.654
3.900
3.376
3.800
3.389
3.698
3.799
3.373
3.939
3.398
3.440
3.767
3.394
4.002
3.795
3.582
3.715
3.315
3.976
3.594
3.371
3.961
3.665
3.393
3.863
3.422
3.995
3.705
3.370
3.554
3.387
4.069
3.763
3.606
3.745
3.662
3.371
4.099
3.262
3.734
3.761
3.370
3.864
3.984
3.381
3.824
3.458
3.561
3.778
3.448
3.622
3.421
4.007
3.671
3.375
3.665
3.684
3.504
3.680
3.246
3.734
4.155
3.323
3.872
3.483
3.804
4.000
3.479
3.842
3.540
3.331
3.719
3.380
3.932
3.567
3.354
3.706
3.285
4.104
3.689
3.292
3.754
3.563
3.415
3.961
3.317
3.754
3.699
3.363
3.502
3.376
3.996
3.676
3.395
3.843
3.843
3.455
3.605
3.354
3.747
3.832
3.305
3.649
3.936
3.380
3.966
3.363
3.780
3.922
3.313
3.781
3.302
3.641
3.612
3.397
3.482
3.867
3.359
3.674
3.348
3.683
3.825
3.297
3.661
3.336
3.965
3.792
3.324
3.463
3.753
3.433
3.647
3.318
3.496
3.585
3.352
3.503
3.263
3.955
3.849
3.336
3.664
3.976
3.373
3.669
3.420
3.713
3.786
3.469
3.659
3.740
3.414
3.547
3.381
3.950
3.956
3.315
3.580
3.273
4.093
3.618
3.317
3.860
3.884
3.385
3.574
3.304
3.862
3.902
3.356
3.565
3.898
3.451
3.744
3.309
3.843
3.696
3.367
3.815
3.266
3.965
3.690
3.276
3.776
3.526
3.292
3.719
3.379
3.414
3.575
3.253
3.612
3.313
3.937
3.750
3.466
3.790
3.718
3.316
3.615
4.283
3.760
3.303
3.650
3.311
3.678
4.124
3.271
3.732
5.282
3.374
3.775
3.356
3.664
3.747
3.345
3.772
3.266
3.895
3.642
3.324
3.888
4.036
3.451
3.751
3.322
3.725
3.614
3.257
3.838
3.350
3.874
3.840
3.334
3.572
3.351
4.161
3.719
3.441
4.014
3.532
3.388
3.905
3.285
3.701
3.739
3.427
3.425
3.391
3.875
3.692
3.370
3.541
3.300
3.332
3.665
3.245
3.702
3.791
3.257
3.924
3.276
3.691
3.859
3.417
3.635
3.335
3.930
3.541
3.342
3.517
3.580
3.371
3.438
3.327
4.034
3.743
3.460
3.830
3.319
3.474
3.711
3.389
3.617
4.069
3.276
3.719
3.593
3.601
3.612
3.354
3.634
3.264
4.190
3.539
3.256
3.979
3.663
3.405
3.903
3.220
3.633
3.839
3.326
3.796
3.275
3.967
3.731
3.373
3.730
3.922
3.369
3.623
3.348
4.098
3.727
3.293
3.849
3.375
4.181
4.017
3.376
3.741
3.900
3.295
3.568
3.350
3.689
3.757
3.400
3.723
3.230
3.981
3.608
3.264
4.316
3.713
3.294
3.837
3.362
3.611
4.128
3.257
3.664
3.392
3.666
3.854
3.317
3.675
3.643
3.342
3.890
3.342
3.880
3.660
3.265
3.925
3.296
3.759
3.824
3.305
3.509
3.918
3.337
3.826
3.737
3.715
3.737
3.362
3.724
3.315
3.769
3.944
3.435
3.869
3.329
3.661
3.930
3.333
3.832
3.932
3.347
3.655
3.376
3.679
3.484
3.379
3.476
3.375
3.996
3.794
3.348
3.698
3.924
3.383
3.827
3.458
3.913
3.819
3.395
3.415
3.365
3.654
3.720
3.403
3.659
3.293
3.968
3.661
3.419
3.968
3.732
3.404
3.694
3.313
3.888
3.940
3.272
3.793
3.333
3.815
3.625
3.334
3.418
3.332
3.868
3.728
3.317
3.776
3.766
3.397
4.283
3.269
3.682
3.960
3.338
3.664
3.349
3.934
3.778
3.353
3.588
3.706
3.404
3.594
3.298
3.836
3.811
3.339
3.910
3.306
3.702
3.704
3.394
3.853
3.934
3.323
3.729
3.349
3.502
3.648
3.362
3.594
3.330
4.213
3.776
3.230
3.747
3.934
3.456
3.714
3.347
3.896
3.849
3.241
3.678
3.284
3.835
3.755
3.296
3.492
3.576
3.391
3.697
3.321
4.025
3.564
3.314
3.929
3.318
3.985
3.701
3.310
3.814
3.699
3.261
3.577
3.313
3.720
3.606
3.315
3.539
3.237
3.973
3.664
3.309
3.925
3.709
3.352
3.734
3.309
3.646
3.799
3.267
3.684
3.261
3.527
4.053
3.360
3.584
3.271
3.938
3.642
3.304
3.976
3.705
3.291
3.779
3.238
3.846
3.724
3.313
3.690
3.990
3.406
3.689
3.343
3.864
3.690
3.318
3.543
3.293
4.174
3.851
3.265
3.877
3.551
3.330
3.910
3.471
3.634
3.606
3.280
3.650
3.375
3.951
3.850
3.315
3.641
3.470
3.427
3.730
3.304
6.129
3.498
3.401
4.034
3.198
3.846
3.809
3.273
3.554
3.973
3.278
3.478
3.425
3.594
3.895
3.604
4.009
3.244
4.042
3.766
3.417
3.874
3.384
3.948
3.614
3.232
3.523
3.703
3.357
3.808
3.315
3.794
3.930
3.314
3.582
3.280
4.172
3.583
3.282
3.919
3.798
3.342
3.768
3.241
3.586
3.792
3.351
3.573
3.305
3.728
3.743
3.252
3.566
3.284
4.220
3.603
3.282
3.854
3.859
3.246
3.664
3.306
3.692
3.845
3.270
3.675
3.259
3.742
3.860
3.396
3.855
3.270
4.075
3.763
3.328
3.761
3.610
3.541
3.597
3.434
4.213
3.657
3.254
4.055
3.338
3.772
4.068
3.345
3.572
3.822
3.423
3.841
3.544
3.873
3.828
3.339
3.621
3.311
4.200
3.553
3.251
3.869
3.204
3.810
3.950
3.236
3.676
4.043
3.253
3.608
3.488
3.698
4.026
3.315
3.853
3.270
4.230
3.865
3.381
4.235
3.246
3.932
4.086
3.292
3.539
4.106
3.320
3.596
5.320
3.562
3.682
3.370
3.819
3.310
4.118
3.941
3.297
3.901
3.309
3.832
3.963
3.246
3.683
3.781
3.317
3.536
3.263
3.701
3.746
3.272
3.577
3.258
4.118
3.718
3.252
3.912
3.317
3.273
3.889
3.316
3.636
4.056
3.258
3.529
3.420
3.632
3.658
3.298
3.697
3.266
4.077
3.551
3.350
4.086
3.696
3.386
4.201
3.250
3.808
4.098
3.290
3.839
3.306
3.999
3.988
3.364
3.760
3.221
4.348
3.648
3.246
3.800
3.231
3.788
4.091
3.321
3.952
3.433
3.381
3.601
3.308
3.538
3.548
3.415
3.707
3.244
3.974
3.758
3.345
3.989
3.358
3.591
4.061
3.279
3.485
3.372
4.004
4.032
3.340
3.479
3.624
3.442
3.506
3.354
4.058
3.716
3.246
4.013
3.224
3.877
4.438
3.330
3.754
3.327
4.048
3.735
3.403
3.874
3.610
3.323
3.545
3.375
4.186
3.717
3.405
3.842
3.227
3.731
4.071
3.247
3.600
3.278
3.754
3.662
3.329
3.420
3.277
3.980
3.575
3.380
4.024
3.584
3.262
3.872
3.213
3.706
3.756
3.348
3.730
3.258
3.926
3.754
3.301
3.880
3.260
4.161
4.137
5.396
3.319
3.690
3.810
3.265
3.892
3.344
3.692
3.662
3.468
3.832
3.292
3.847
3.733
3.387
3.868
5.293
3.892
3.813
3.376
3.655
3.925
3.231
3.650
3.290
3.553
4.010
3.270
3.684
3.458
3.829
3.957
3.470
3.889
3.291
4.008
3.914
3.303
3.714
3.299
3.719
5.133
3.271
3.584
3.284
3.722
3.649
3.300
3.780
3.301
3.690
3.601
3.297
3.809
3.328
3.576
3.673
3.407
3.440
3.294
3.686
4.043
3.363
3.593
