1.366
1.101
1.270
1.214
1.130
1.184
1.248
1.083
1.881
1.252
1.216
1.213
1.270
1.119
1.143
1.232
1.096
1.859
1.280
1.108
1.279
1.234
1.116
1.188
1.239
1.125
1.854
1.241
1.158
1.197
1.223
1.118
1.140
1.233
1.060
1.894
1.251
1.124
1.243
1.220
1.149
1.214
1.294
1.132
1.842
1.338
1.154
1.153
1.275
1.131
1.187
1.233
1.160
1.732
1.255
1.173
1.118
1.155
1.173
1.159
1.283
1.068
1.859
1.213
1.136
1.175
1.169
1.148
1.151
1.280
1.173
1.783
1.238
1.169
1.163
1.207
1.144
1.177
1.217
1.117
1.870
1.299
1.098
1.237
1.204
1.091
1.212
1.258
1.187
1.814
1.202
1.088
1.270
1.292
1.110
1.166
1.332
1.090
1.782
1.238
1.214
1.187
1.248
1.101
1.141
1.261
1.067
1.686
1.273
1.097
1.226
1.308
1.112
1.213
1.246
1.140
1.859
1.204
1.080
1.238
1.233
1.101
1.243
1.190
1.114
1.918
1.198
1.127
1.137
1.193
1.146
1.192
1.275
1.125
1.996
1.260
1.117
1.128
1.271
1.145
1.188
1.172
1.119
1.993
1.251
1.160
1.175
1.253
1.155
1.157
1.224
1.128
1.851
1.276
1.116
1.359
1.267
1.067
1.163
1.225
1.799
1.432
1.267
1.114
1.193
1.203
1.127
1.152
1.228
1.827
1.218
1.271
1.123
1.186
1.206
1.174
1.190
1.276
1.844
1.164
1.276
1.115
1.138
1.271
1.126
1.212
1.286
1.716
1.169
1.243
1.107
1.173
1.244
1.118
1.143
1.283
1.871
1.207
1.274
1.147
1.151
1.227
1.176
1.207
1.250
1.874
1.200
1.241
1.102
1.224
1.291
1.126
1.181
1.327
1.918
1.149
1.381
1.125
1.150
1.298
1.146
1.197
1.891
1.129
1.118
1.240
1.145
1.190
1.288
1.098
1.255
1.255
1.725
1.156
1.248
1.137
1.200
1.234
1.121
1.107
1.823
1.110
1.187
1.219
1.105
1.171
1.403
1.111
1.232
2.006
1.169
1.239
1.198
1.126
1.167
1.300
1.144
1.187
1.956
1.123
1.186
1.283
1.122
1.164
1.209
1.117
1.832
1.274
1.115
1.212
1.262
1.084
1.218
1.252
1.094
1.832
1.256
1.125
1.135
1.225
1.150
1.184
1.226
1.137
1.931
1.220
1.139
1.152
1.202
1.114
1.124
1.223
1.724
1.132
1.197
1.132
1.151
1.212
1.094
1.187
1.214
1.827
1.159
1.198
1.088
1.129
1.222
1.083
1.244
1.336
1.918
1.230
1.253
1.166
1.238
1.258
1.087
1.256
1.935
1.167
1.134
1.202
1.140
1.242
1.218
1.153
1.300
1.911
1.122
1.164
1.245
1.201
1.148
1.313
1.106
1.207
1.974
1.127
1.152
1.245
1.184
1.113
1.224
1.098
1.177
1.918
1.112
1.181
1.246
1.132
1.160
1.216
1.084
2.962
1.278
1.127
1.185
1.267
1.175
1.139
1.190
1.090
1.715
1.201
1.103
1.195
1.244
1.167
1.128
1.265
1.080
1.747
1.221
1.122
1.154
1.239
1.218
1.157
1.172
1.912
1.192
1.500
1.128
1.285
1.232
1.164
1.264
1.174
1.870
1.264
1.228
1.174
1.160
1.129
1.130
1.116
1.170
1.664
1.132
1.243
1.113
1.170
1.228
1.119
1.137
1.183
1.763
1.204
1.215
1.100
1.200
1.211
1.107
1.246
1.858
1.116
1.248
1.162
1.237
1.149
1.171
1.132
1.190
1.846
1.173
1.161
1.213
1.177
1.219
1.189
1.144
1.888
1.219
1.096
1.224
1.195
1.130
1.115
1.240
1.099
1.960
1.206
1.174
1.211
1.201
1.175
1.211
1.147
1.123
1.942
1.235
1.086
1.152
1.230
1.124
1.161
1.158
1.734
1.159
1.325
1.104
1.107
1.224
1.170
1.295
1.263
1.848
1.166
1.197
1.154
1.192
1.211
1.224
1.208
1.899
1.208
1.176
1.287
1.165
1.153
1.213
1.105
1.171
1.888
1.155
1.154
1.229
1.117
1.248
1.240
1.127
1.951
1.157
1.169
1.191
1.194
1.121
1.122
1.201
1.164
1.812
1.196
1.125
1.217
1.223
1.124
1.176
1.191
1.106
1.909
1.262
1.130
1.165
1.219
1.177
1.180
1.282
1.780
1.211
1.329
1.087
1.296
1.171
1.127
1.215
1.162
1.627
1.121
1.227
1.168
1.173
1.219
1.116
1.101
1.180
1.907
1.260
1.207
1.169
1.227
1.213
1.101
1.170
1.918
1.204
1.183
1.253
1.105
1.139
1.212
1.152
1.167
1.893
1.197
1.173
1.193
1.168
1.226
1.218
1.118
1.941
1.202
1.189
1.173
1.226
1.151
1.159
1.226
1.101
1.804
1.175
1.203
1.161
1.180
1.134
1.137
1.126
1.819
1.210
1.259
1.177
1.175
1.228
1.176
1.095
1.179
1.755
1.209
1.265
1.129
1.182
1.221
1.139
1.146
1.889
1.160
1.213
1.205
1.172
1.124
1.203
1.184
1.792
1.267
1.156
1.218
1.160
1.114
1.214
1.154
1.116
1.873
1.182
1.130
1.209
1.198
1.150
1.187
1.242
1.829
1.153
1.169
1.123
1.123
1.162
1.191
1.164
1.136
1.785
1.162
1.308
1.164
1.154
1.175
1.100
1.185
1.219
1.151
1.230
1.239
1.142
1.176
1.296
1.109
1.201
1.886
1.237
1.156
1.320
1.125
1.173
1.221
1.187
1.272
1.902
1.151
1.265
1.311
1.137
1.185
1.202
1.144
1.870
1.208
1.175
1.153
1.206
1.140
1.167
1.286
1.158
1.890
1.190
1.159
1.153
1.212
1.066
1.153
1.171
1.910
1.224
1.138
1.147
1.206
1.138
1.156
1.145
1.902
1.138
1.219
1.258
1.128
1.171
1.192
1.179
1.215
1.889
1.146
1.110
1.199
1.118
1.226
1.302
1.149
1.846
1.173
1.175
1.182
1.196
1.137
1.243
1.193
1.172
1.187
1.201
1.090
1.243
1.209
1.066
1.213
1.147
1.742
1.171
1.190
1.120
1.324
1.282
1.133
1.158
1.924
1.137
1.239
1.218
1.122
1.148
1.204
1.139
1.118
1.871
1.117
1.384
1.210
1.147
1.182
1.179
2.984
1.153
1.159
1.891
1.167
1.250
1.215
1.152
1.189
1.330
1.143
1.940
1.289
1.114
1.223
1.338
1.082
1.275
1.266
1.841
1.130
1.339
1.181
1.150
1.324
1.096
1.196
1.895
1.162
1.235
1.384
1.197
1.274
1.246
1.123
1.209
1.842
1.177
1.143
1.343
1.144
1.167
1.263
1.106
1.924
1.210
1.099
1.160
1.256
1.048
1.130
1.190
1.731
1.154
1.237
1.131
1.177
1.258
1.124
1.112
1.229
1.797
1.111
1.202
1.095
1.140
1.272
1.067
1.223
1.947
1.122
1.239
1.194
1.159
1.181
1.209
1.176
2.018
1.307
1.098
1.227
1.273
1.064
1.254
1.171
1.142
1.953
1.242
1.106
1.158
1.279
1.181
1.192
1.265
1.783
1.234
1.313
1.081
1.188
1.182
1.136
1.092
1.296
1.713
1.207
1.211
1.160
1.086
1.259
1.068
1.226
2.026
1.142
1.204
1.254
1.165
1.190
1.199
1.105
1.779
1.305
1.183
1.253
1.278
1.060
1.208
1.231
1.165
1.857
1.296
1.162
1.226
1.313
1.109
1.227
1.220
1.840
1.174
1.303
1.084
1.261
1.377
1.206
1.195
2.067
1.171
1.211
1.368
1.133
1.243
1.316
1.099
1.763
1.268
1.101
1.115
1.225
1.130
1.132
1.269
1.812
1.240
1.293
1.142
1.198
1.233
1.111
1.188
1.310
1.151
1.139
1.334
1.156
1.168
1.215
1.177
1.170
1.924
1.072
1.112
1.299
1.122
1.213
1.260
1.092
1.174
1.577
1.207
1.235
1.224
1.127
1.114
1.304
1.114
1.769
1.258
1.233
1.192
1.264
1.115
1.173
1.239
1.808
1.207
1.259
1.102
1.241
1.314
1.114
1.190
2.003
1.116
1.166
1.238
1.212
1.182
1.297
1.098
1.118
1.986
1.130
1.188
1.245
1.130
1.171
1.197
1.173
1.785
1.257
1.153
1.153
1.261
1.139
1.218
1.255
1.969
1.190
1.276
1.098
1.204
1.250
1.109
1.279
1.926
1.172
1.191
1.239
1.180
1.205
1.267
1.124
2.010
1.260
1.159
1.197
