1.313
1.223
1.210
1.310
1.173
1.208
1.903
1.204
1.252
1.235
1.197
1.228
1.230
1.191
1.844
1.256
1.202
1.278
1.214
1.161
1.206
1.817
1.251
1.244
1.208
1.241
1.199
1.224
1.252
1.795
1.258
1.237
1.230
1.296
1.197
1.277
1.900
1.162
1.300
1.209
1.198
1.261
1.232
1.185
1.926
1.237
1.250
1.139
1.249
1.218
1.226
1.958
1.296
1.249
1.273
1.219
1.242
1.200
1.159
1.869
1.278
1.201
1.178
1.262
1.204
1.166
1.942
1.218
1.236
1.236
1.215
1.275
1.232
1.196
1.968
1.281
1.231
1.213
1.235
1.158
1.307
1.945
1.224
1.319
1.188
1.211
1.262
1.278
1.190
1.908
1.236
1.188
1.189
1.348
1.117
1.254
1.938
1.215
1.323
1.260
1.159
1.207
1.232
1.217
1.909
1.296
1.167
1.270
1.221
1.209
1.208
1.900
1.256
1.252
1.275
1.239
1.222
1.238
1.208
1.863
1.253
1.243
1.249
1.231
1.225
1.180
1.925
1.201
1.254
1.228
1.173
1.284
1.223
1.215
1.975
1.222
1.138
1.262
1.237
1.301
1.264
1.930
1.188
1.282
1.252
1.246
1.208
1.288
1.841
1.132
1.260
1.197
1.210
1.246
1.171
1.175
1.931
1.202
1.244
1.228
1.237
1.215
1.326
1.814
1.213
1.252
1.207
1.162
1.204
1.136
1.268
1.892
1.281
1.227
1.223
1.172
1.301
1.220
1.166
1.947
1.325
1.200
1.196
1.255
1.207
1.179
1.885
1.184
1.269
1.249
1.209
1.218
1.247
1.927
1.222
1.355
1.146
1.187
1.300
1.253
1.201
1.984
1.171
1.197
1.223
1.232
1.258
1.356
1.860
1.283
1.261
1.252
1.303
1.288
1.253
1.223
2.025
1.244
1.331
1.238
1.178
1.329
1.171
1.933
1.250
1.288
1.168
1.226
1.264
1.251
1.240
1.904
1.204
1.235
1.284
1.184
1.238
1.247
1.871
1.228
1.264
1.169
1.244
1.251
1.213
1.248
1.935
1.256
1.295
1.208
1.214
1.246
1.203
1.896
1.267
1.307
1.233
1.228
1.176
1.184
1.311
2.056
1.282
1.250
1.228
1.146
1.268
1.282
1.908
1.288
1.261
1.125
1.246
1.227
1.213
1.852
1.216
1.120
1.247
1.256
1.235
1.126
1.909
1.287
1.195
1.240
1.209
1.226
1.243
1.244
1.926
1.216
1.169
1.198
1.227
1.167
1.227
1.235
1.254
1.251
1.236
1.220
1.391
1.280
1.249
1.930
1.238
1.205
1.247
1.243
1.254
1.320
1.928
1.184
1.168
1.282
1.147
1.249
1.206
1.898
1.190
1.249
1.154
1.238
1.248
1.173
1.935
1.224
1.202
1.358
1.285
1.136
1.341
1.222
1.870
1.237
1.197
1.219
1.413
1.220
1.180
1.898
1.241
1.200
1.213
1.367
1.186
1.468
1.959
1.187
1.240
1.259
1.222
1.186
1.254
1.952
1.364
1.301
1.245
1.203
1.246
1.182
1.289
1.896
1.222
1.313
1.254
1.212
1.225
1.284
1.851
1.247
1.279
1.315
1.318
1.274
1.215
1.880
1.320
1.196
1.280
1.278
1.175
1.272
1.933
1.310
1.273
1.288
1.231
1.215
1.273
1.901
1.233
1.235
1.173
1.282
1.219
1.163
1.950
1.243
1.208
1.218
1.262
1.186
1.254
1.256
1.908
1.306
1.242
1.179
1.338
1.221
1.230
1.922
1.223
1.338
1.292
1.229
1.215
1.240
1.907
1.290
1.349
1.236
1.183
1.267
1.249
1.990
1.308
1.278
1.237
1.344
1.245
1.252
2.016
1.338
1.322
1.255
1.250
1.258
1.289
1.206
1.949
1.314
1.232
1.257
1.208
1.297
1.264
2.016
1.257
1.249
1.298
1.268
1.251
1.158
1.911
1.192
1.324
1.242
1.190
1.295
1.249
1.908
1.287
1.336
1.259
1.238
1.240
1.244
1.883
1.336
1.142
1.257
1.350
1.261
1.270
1.217
1.214
1.270
1.192
1.253
1.202
1.254
1.208
2.037
1.269
1.193
1.314
1.211
1.255
1.199
1.841
1.215
1.212
1.289
1.231
1.206
1.235
1.870
1.298
1.311
1.269
1.281
1.198
1.295
1.942
1.253
1.302
1.207
1.329
1.257
1.208
1.872
1.315
1.243
1.209
1.191
1.284
1.199
1.806
1.246
1.268
1.226
1.255
1.247
1.213
1.841
1.308
1.216
1.253
1.310
1.310
1.236
1.902
1.261
1.276
1.257
1.245
1.250
1.337
1.997
1.247
1.230
1.271
1.228
1.288
1.163
1.162
1.940
1.204
1.268
1.236
1.261
1.221
1.322
1.986
1.241
1.233
1.308
1.280
1.240
1.220
1.802
1.313
1.186
1.308
1.303
1.260
1.257
1.909
1.248
1.275
1.239
1.233
1.216
1.207
1.886
1.248
1.216
1.330
1.204
1.265
1.200
1.969
1.258
1.261
1.243
1.237
1.360
1.239
1.890
1.251
1.246
1.242
1.276
1.278
1.206
1.960
1.262
1.280
1.263
1.273
1.222
1.203
1.939
1.253
1.301
1.241
1.238
1.179
1.199
1.959
1.222
1.222
1.280
1.263
1.289
1.252
1.316
1.829
1.236
1.215
1.257
1.190
1.273
1.306
1.775
1.285
1.246
1.214
1.260
1.243
1.209
1.896
1.243
1.317
1.317
1.297
1.294
1.300
1.941
1.286
1.199
1.238
1.260
1.297
1.268
1.947
1.293
1.281
1.241
1.203
1.267
1.217
1.186
1.914
1.269
1.171
1.256
1.202
1.196
1.332
1.858
1.205
1.267
1.204
1.226
1.200
1.235
1.969
1.288
1.277
1.170
1.273
1.266
1.242
2.019
1.289
1.235
1.273
1.252
1.317
1.243
1.923
1.340
1.253
1.283
1.186
1.276
1.233
1.223
1.885
1.273
1.245
1.302
1.250
1.178
1.285
1.948
1.302
1.205
1.263
1.218
1.229
1.210
1.948
1.237
1.214
1.252
1.283
1.255
1.249
1.914
1.283
1.143
1.319
1.244
1.214
1.267
1.866
1.335
1.229
1.335
1.230
1.247
1.291
1.220
2.095
1.312
1.255
1.227
1.255
1.114
1.246
1.838
1.259
1.218
1.247
1.250
1.271
1.241
1.210
1.288
1.174
1.161
1.175
2.294
1.288
1.212
1.287
1.948
1.278
1.315
1.353
1.200
1.383
1.258
1.942
1.215
1.250
1.316
1.198
1.268
1.199
1.862
1.325
1.163
1.266
1.213
1.243
1.167
1.868
1.230
1.219
1.381
1.212
1.268
1.225
1.925
1.276
1.313
1.221
1.256
1.220
1.229
2.007
1.215
1.240
1.171
1.304
1.156
1.238
1.946
1.252
1.306
1.269
1.207
1.169
1.279
1.884
1.241
1.296
1.198
1.286
1.271
1.167
1.970
1.268
1.144
1.242
1.227
1.211
1.241
1.943
1.252
1.252
1.312
1.231
1.165
1.288
1.863
1.315
1.283
1.209
1.283
1.254
1.234
1.888
1.200
1.244
1.233
1.234
1.286
1.211
1.951
1.305
1.187
1.286
1.172
1.270
1.285
1.861
1.279
1.226
1.184
1.287
1.354
1.290
1.887
1.245
1.199
1.226
1.251
1.268
1.293
1.989
1.199
1.321
1.269
1.237
1.205
1.270
1.934
1.205
1.232
1.167
1.278
1.277
1.204
1.856
1.211
1.204
1.209
1.202
1.273
1.225
1.950
1.237
1.243
1.307
1.251
1.240
1.205
1.860
1.257
1.276
1.245
1.227
1.250
1.230
1.781
1.318
1.215
1.222
1.269
1.237
1.145
1.785
1.173
1.261
1.267
1.191
1.243
1.247
1.937
1.230
1.322
1.210
1.316
1.212
1.170
1.834
1.313
1.245
1.285
1.253
1.262
1.183
1.957
1.249
1.229
1.247
1.183
1.234
1.254
1.923
1.232
1.226
1.166
1.379
1.212
1.201
1.804
1.255
1.194
1.211
1.242
1.274
1.187
2.010
1.187
1.285
1.224
1.248
1.228
1.289
2.011
1.248
1.336
1.157
1.284
1.302
1.171
1.968
1.286
1.262
1.180
1.309
1.202
1.239
1.945
1.225
1.220
1.255
1.259
1.158
1.274
1.933
1.276
1.214
1.168
1.244
1.242
1.184
1.983
1.350
1.182
1.308
1.276
1.236
1.190
1.979
1.289
1.218
1.234
1.313
1.150
1.282
1.839
1.261
1.178
1.251
1.225
1.259
1.166
1.895
1.281
1.200
1.285
