2.987
2.096
3.387
2.229
2.206
3.256
2.310
2.249
3.343
2.268
2.069
3.301
2.235
1.999
3.227
2.167
2.172
3.224
2.177
2.051
3.228
2.224
2.244
3.889
2.233
2.034
2.887
2.273
2.768
2.324
2.128
2.900
3.363
2.183
3.240
3.251
2.196
3.213
2.210
2.212
3.261
2.215
2.243
3.228
2.208
2.294
3.254
2.049
2.321
3.191
2.120
2.153
2.867
2.214
2.170
2.735
2.170
2.198
3.929
2.315
3.313
3.269
2.211
3.264
2.188
2.141
3.339
3.391
2.139
3.312
2.231
2.157
3.325
2.100
2.256
3.299
2.100
2.028
2.720
2.094
2.089
2.702
2.083
2.058
2.183
2.190
2.712
2.234
3.201
3.254
2.324
2.020
3.376
3.284
2.092
3.229
2.257
2.111
3.318
2.229
2.159
3.326
2.271
2.036
2.662
2.225
2.271
3.910
2.391
3.266
2.131
2.164
3.281
2.149
2.191
3.256
2.307
2.223
3.234
2.258
2.301
3.186
2.109
2.237
3.262
2.214
2.868
2.106
2.087
2.796
3.330
2.185
3.320
2.243
2.175
3.434
2.248
2.204
3.367
2.124
2.176
3.283
2.217
2.259
3.336
2.035
2.856
2.182
2.183
2.718
2.223
2.083
2.843
2.272
3.243
3.317
3.349
2.149
3.393
3.268
2.176
3.238
2.289
2.104
3.237
2.337
2.229
3.290
2.269
2.141
3.914
2.234
2.732
2.222
2.243
2.725
2.214
2.143
3.281
2.184
2.113
3.317
2.251
2.122
3.281
2.223
2.198
3.248
2.133
2.163
3.208
2.097
2.825
2.189
2.071
3.325
2.120
2.176
3.339
2.153
3.246
3.376
2.081
2.291
3.314
2.114
2.050
3.355
2.239
2.102
2.888
2.061
2.724
3.352
2.110
3.044
2.252
2.060
3.308
2.310
1.968
3.296
2.273
2.078
3.316
2.273
2.112
3.247
2.180
2.020
3.993
2.284
3.285
2.221
2.093
3.184
2.125
2.262
3.259
2.276
2.239
3.242
2.090
2.195
3.223
2.103
2.225
3.216
2.142
2.249
2.701
2.114
2.791
2.140
2.278
2.786
2.178
2.237
3.247
2.241
2.037
3.317
2.189
2.267
3.320
2.060
2.275
3.331
2.119
3.266
3.286
2.120
2.798
2.278
2.184
2.626
2.204
2.115
3.372
2.273
3.682
4.082
3.666
3.564
3.916
3.606
2.316
3.243
2.593
4.102
3.498
3.401
3.271
2.299
2.253
3.191
2.298
2.309
3.292
2.249
2.245
3.222
3.266
2.171
2.766
2.187
2.893
2.112
2.131
3.326
3.254
2.195
3.277
2.298
2.145
3.375
3.311
2.090
3.337
2.198
2.267
2.844
2.145
2.171
2.886
2.104
2.883
2.297
2.315
3.284
2.319
2.134
3.202
2.308
2.116
3.273
2.137
1.994
3.320
3.302
3.241
2.698
2.309
2.101
2.865
2.290
3.296
3.248
2.256
3.290
2.145
2.288
3.173
2.129
2.354
3.266
2.289
3.352
3.162
2.265
3.274
2.060
2.157
3.297
2.191
2.228
3.231
2.146
2.231
3.291
2.103
2.151
3.303
2.124
2.858
2.267
2.131
3.250
3.249
2.088
3.295
2.217
2.060
3.290
2.144
2.117
3.271
2.218
2.123
3.906
3.358
3.714
3.259
2.176
3.211
3.182
2.237
3.267
2.279
2.249
3.192
2.202
2.053
2.830
2.232
3.352
2.216
2.112
3.305
2.122
2.108
3.259
2.106
3.243
3.285
2.219
3.202
3.321
2.122
2.836
2.273
2.117
3.279
3.405
2.110
3.296
2.118
2.104
3.267
2.286
2.966
3.300
2.172
3.327
2.184
2.109
3.260
2.154
2.277
3.186
2.124
2.224
3.224
2.175
2.190
3.258
2.158
2.177
2.722
2.193
3.235
2.098
2.106
3.284
2.089
2.171
3.245
2.100
2.083
3.348
2.053
2.185
2.922
2.106
3.326
2.292
1.981
3.273
2.304
2.207
3.192
2.193
2.138
3.314
2.122
2.020
2.736
2.197
3.157
3.298
2.131
3.220
2.215
2.139
3.223
2.116
2.240
3.289
2.009
2.124
2.077
2.125
3.335
2.158
2.221
3.222
2.083
2.081
3.205
2.008
3.250
3.279
2.078
3.272
2.248
2.088
3.274
2.280
2.075
3.303
2.173
2.116
3.196
2.306
2.009
3.220
2.315
3.170
2.224
2.024
3.220
2.159
2.279
3.273
2.195
2.147
3.141
2.161
2.040
3.232
2.177
3.323
3.306
2.225
3.320
2.207
2.084
3.341
2.059
2.141
2.806
2.151
3.254
2.268
2.094
3.273
2.158
2.025
3.329
2.070
2.136
3.346
2.279
2.091
3.929
2.178
3.253
2.148
2.138
3.281
2.141
2.142
3.271
2.257
2.103
3.228
3.251
2.152
3.280
2.089
3.246
2.134
2.258
3.278
2.106
2.038
3.290
2.070
3.307
2.795
2.151
3.259
2.226
2.132
3.217
2.237
2.046
3.211
2.172
2.868
2.152
2.070
3.328
3.202
2.132
3.264
2.156
2.234
3.260
2.100
2.101
2.722
2.182
3.227
2.292
2.160
3.332
3.245
2.111
3.289
2.117
2.173
3.337
2.077
2.764
2.176
2.219
3.259
2.234
2.055
3.376
2.108
2.081
3.243
2.134
2.173
2.783
2.191
3.285
2.220
2.236
3.284
2.196
2.206
3.216
2.179
2.102
3.220
2.249
2.184
3.512
2.028
3.322
3.216
2.218
3.306
2.077
2.251
3.262
2.085
2.084
3.947
2.128
3.237
2.298
2.241
3.191
2.220
2.170
3.259
2.158
2.160
3.293
2.160
2.038
2.876
2.126
3.155
4.107
2.221
3.234
2.210
2.838
2.125
2.097
3.296
2.266
2.145
3.272
2.186
3.308
3.315
3.215
3.373
2.246
2.074
3.393
2.243
2.275
3.260
2.200
4.078
2.294
2.155
3.223
2.321
2.106
3.264
2.195
2.086
3.315
2.265
2.145
3.788
2.278
3.250
2.208
2.237
3.297
2.113
3.295
3.249
2.133
3.350
2.244
2.161
3.398
2.179
2.082
3.257
2.148
2.048
3.269
2.197
2.015
3.895
2.120
3.239
2.352
3.389
3.243
2.154
2.260
3.221
3.239
2.872
2.135
2.292
3.289
2.224
2.204
3.272
3.241
2.314
3.282
2.138
2.167
3.902
2.192
3.337
3.231
2.006
3.259
3.356
2.073
3.223
2.162
2.705
3.350
3.247
2.175
3.172
2.251
2.224
3.221
2.291
2.249
3.256
2.243
3.270
2.114
2.122
3.282
2.104
2.081
3.247
3.248
2.164
3.284
2.046
2.892
2.230
2.061
3.237
2.222
1.966
3.264
2.206
2.128
3.303
2.126
2.038
2.655
2.211
3.185
2.129
2.071
3.213
2.141
2.077
3.121
3.203
3.276
2.151
2.301
3.275
3.407
2.202
3.248
2.098
2.115
3.339
2.081
2.724
2.140
2.130
3.274
2.196
2.023
3.251
2.083
2.129
3.219
2.141
2.048
2.072
2.270
3.309
2.056
2.221
3.252
2.213
2.112
3.207
2.163
3.196
3.200
2.135
3.284
2.164
2.199
3.243
3.227
3.113
3.334
2.097
3.260
3.360
2.049
3.272
2.179
3.250
3.278
2.088
3.210
2.165
2.055
3.216
2.221
2.000
3.193
2.200
2.087
3.214
2.135
3.873
3.245
2.131
3.294
2.120
2.092
3.221
2.006
3.285
2.179
2.173
3.170
2.137
2.110
3.252
2.064
2.173
3.294
2.213
2.128
2.219
2.153
3.265
2.162
2.027
3.264
2.139
2.251
3.170
2.169
3.269
2.249
1.979
3.221
2.241
3.271
3.245
3.238
3.301
3.261
1.986
3.325
2.130
2.054
3.262
2.116
1.943
3.241
2.114
3.217
2.216
2.205
3.240
2.144
2.152
3.223
2.066
2.130
2.922
3.246
3.312
2.140
2.162
3.310
2.135
2.134
3.242
1.958
3.235
2.235
2.012
3.334
2.243
2.001
3.248
2.136
2.050
2.596
2.277
3.231
2.148
2.129
3.280
2.015
2.260
3.278
2.010
2.948
2.144
2.147
3.286
2.182
2.144
3.248
2.077
2.142
3.315
2.026
2.793
2.224
1.933
3.282
2.334
1.997
3.207
2.091
1.974
3.307
2.151
3.181
2.274
2.047
3.177
2.069
2.071
3.226
2.326
2.088
3.206
2.091
2.810
2.068
2.064
3.346
2.197
2.109
3.198
2.093
1.979
3.328
2.168
2.819
2.031
2.123
3.296
