1.337
1.437
1.337
1.289
1.390
1.942
1.370
1.383
1.355
1.373
1.335
1.945
1.329
1.391
1.386
1.435
1.393
1.285
2.009
1.341
1.361
1.282
1.424
1.356
2.062
1.462
1.368
1.390
1.420
1.354
1.314
2.138
1.345
1.248
1.414
1.363
1.315
2.057
1.313
1.308
1.406
1.382
1.331
2.139
1.411
1.403
1.360
1.361
1.369
1.401
2.021
1.448
1.339
1.297
1.320
1.424
2.028
1.311
1.688
1.417
1.323
1.673
2.088
1.378
1.557
1.388
1.450
1.720
1.295
1.948
1.635
1.382
1.418
1.659
1.353
2.114
1.695
1.349
1.309
1.529
1.395
1.887
1.532
1.410
1.395
1.592
1.344
1.395
3.238
1.275
1.331
1.618
1.438
1.319
3.331
1.396
1.348
1.553
1.351
1.341
3.395
1.398
1.345
1.686
1.383
1.406
1.477
2.086
1.328
1.576
1.374
1.367
1.534
2.046
1.385
1.595
1.418
1.434
1.633
1.385
1.951
1.568
1.400
1.365
1.571
1.320
1.937
1.687
1.359
1.338
1.537
1.385
2.023
1.657
1.418
1.414
1.528
1.385
1.976
1.650
1.355
1.396
1.676
1.408
1.297
3.314
1.283
1.325
1.530
1.412
1.319
3.206
1.339
1.351
1.654
1.394
1.357
1.504
2.032
1.319
1.612
1.413
1.286
1.521
2.018
1.397
1.582
1.441
1.274
1.692
1.930
1.509
1.600
1.434
1.298
1.678
1.331
1.898
1.568
1.423
1.327
1.544
1.342
2.048
1.729
1.380
1.365
1.592
1.386
1.941
1.641
1.443
1.411
1.514
1.324
1.318
3.277
1.362
1.310
1.640
1.338
1.348
3.351
1.342
1.323
1.604
1.386
1.333
3.380
1.461
1.389
1.626
1.332
1.317
1.474
2.061
1.389
1.655
1.350
1.355
1.498
2.057
1.408
1.589
1.418
1.287
1.591
1.981
1.426
1.562
1.374
1.407
1.515
1.341
2.034
1.551
1.353
1.395
1.641
1.406
1.909
1.574
1.637
1.387
1.465
1.366
1.980
1.609
1.408
1.355
1.511
1.350
1.340
3.270
1.397
1.386
1.543
1.364
1.334
3.304
1.318
1.412
1.584
1.412
1.339
3.288
1.391
1.356
1.560
1.387
1.382
1.561
2.050
1.373
1.616
2.018
1.320
1.686
2.076
1.414
1.475
1.358
1.357
1.500
1.298
1.936
1.561
1.472
1.326
1.501
1.328
1.928
1.532
1.372
1.312
1.489
1.380
2.001
1.543
1.406
1.288
1.501
1.417
1.386
2.106
1.378
1.366
1.539
1.419
1.359
3.313
1.309
1.333
1.604
1.360
1.410
3.223
1.365
1.429
1.628
1.428
1.352
1.551
2.040
1.382
1.579
1.331
1.317
1.510
2.073
1.387
1.725
1.383
1.337
1.647
1.984
1.431
1.535
1.373
1.346
1.611
1.324
2.031
1.648
1.366
1.347
1.533
1.341
2.013
1.613
1.434
1.300
1.459
1.350
1.346
2.260
1.342
1.367
1.526
1.372
1.333
3.267
1.313
1.365
1.545
1.352
1.297
3.283
1.369
1.456
1.623
1.405
1.323
1.552
2.048
1.352
1.445
1.353
1.373
1.534
1.995
1.337
1.591
1.433
1.579
1.568
2.024
1.379
1.579
1.825
2.055
1.376
1.467
1.324
1.329
1.334
1.915
1.323
1.521
1.370
1.310
1.395
2.079
1.320
1.364
1.341
1.353
1.394
1.346
1.932
1.396
1.366
1.302
1.391
1.344
1.946
1.417
1.402
1.335
1.314
1.401
1.332
1.987
1.365
1.336
1.339
1.316
1.365
1.970
1.360
1.334
1.393
1.403
1.328
1.332
1.966
1.335
1.515
1.334
1.307
1.376
2.008
1.391
1.375
1.416
1.339
1.373
1.315
1.929
1.377
1.411
1.279
1.389
1.414
1.992
1.477
1.365
1.336
1.388
1.309
1.586
2.061
1.339
1.326
1.384
1.306
1.290
2.009
1.432
1.323
1.386
1.363
1.428
1.377
2.018
1.371
1.453
1.332
1.313
1.398
2.023
1.351
1.383
1.366
1.355
1.325
1.347
1.991
1.461
1.399
1.433
1.487
1.314
1.995
1.558
1.359
1.331
1.390
1.340
1.312
2.053
1.414
1.339
1.426
1.359
1.310
2.113
1.423
1.342
1.419
1.321
1.372
1.316
1.987
1.346
1.356
1.338
1.314
1.333
1.993
1.440
1.414
1.362
1.320
1.388
1.319
1.953
1.420
1.329
1.331
1.380
1.326
1.894
1.542
1.414
1.392
1.348
1.389
1.355
2.049
1.400
1.377
1.398
1.323
1.302
2.102
1.351
1.400
1.405
1.329
1.370
1.376
2.003
1.315
1.346
1.376
1.271
1.386
1.956
1.321
1.361
1.369
1.332
1.358
1.320
2.028
1.343
1.395
1.255
1.419
1.372
1.992
1.433
1.332
1.303
1.411
1.415
1.373
2.143
1.373
1.337
1.334
1.355
1.334
2.089
1.407
1.242
1.348
1.314
1.270
2.006
1.628
1.417
1.453
1.384
1.325
1.317
1.945
1.385
1.477
1.366
1.321
1.301
1.983
1.369
1.441
1.348
1.334
1.377
1.370
1.947
1.407
1.380
1.365
1.374
1.336
2.040
1.469
1.347
1.385
1.338
1.355
1.292
2.054
1.330
1.322
1.379
1.355
1.337
2.039
1.413
1.371
1.386
1.369
1.328
1.286
1.991
1.416
1.376
1.340
1.341
1.465
1.919
1.359
1.354
1.356
1.289
1.386
1.353
2.023
1.371
1.361
1.240
1.397
1.337
1.959
1.408
1.395
1.505
1.379
1.349
2.050
1.448
1.362
1.314
1.383
1.292
1.303
1.978
1.397
1.310
1.359
1.326
1.386
2.046
1.368
1.361
1.429
1.306
1.309
1.412
2.046
1.309
1.427
1.391
1.329
1.400
2.082
1.425
1.394
1.382
1.279
1.326
1.358
1.843
1.519
1.411
1.289
1.403
1.336
1.839
1.396
1.372
1.411
1.338
1.385
1.339
2.061
1.455
1.348
1.349
1.374
1.257
2.018
1.383
1.362
1.361
1.328
1.335
1.931
1.373
1.324
1.339
1.328
1.352
1.335
1.973
1.354
1.378
1.367
1.276
1.429
2.053
1.350
1.405
1.416
1.485
1.356
1.335
1.983
1.488
1.397
1.347
1.430
1.348
1.906
1.372
1.417
1.306
1.409
1.442
1.296
1.933
1.328
1.299
1.366
1.377
1.325
1.959
1.371
1.341
1.471
1.373
1.260
1.327
1.342
1.285
1.380
1.411
1.258
1.412
2.024
1.368
1.424
1.330
1.325
1.374
1.916
1.373
1.403
1.352
1.351
1.352
1.329
1.962
1.425
1.364
1.314
1.392
1.331
2.028
1.336
1.384
1.392
1.372
1.352
1.292
1.935
1.361
1.406
1.379
1.342
1.390
1.358
2.089
1.341
1.479
1.380
1.362
1.383
2.044
1.350
1.377
1.351
1.330
1.327
1.973
1.370
1.368
1.408
1.369
1.372
1.429
2.011
1.377
1.332
1.404
1.417
1.313
2.023
1.441
1.379
1.367
1.396
1.350
1.358
1.988
1.387
1.340
1.402
1.386
1.351
2.273
1.354
1.323
1.427
1.333
1.331
1.983
1.379
1.347
1.440
1.321
1.281
1.457
1.949
1.333
1.422
1.416
1.378
1.397
2.051
1.380
1.486
1.348
1.397
1.363
1.385
2.039
1.346
1.373
1.283
1.357
1.375
2.004
1.487
1.411
1.313
1.348
1.367
1.345
2.109
1.405
1.288
1.350
1.367
1.303
2.021
1.430
1.327
1.400
1.314
1.347
1.994
1.436
1.361
1.326
1.356
1.317
1.373
2.019
1.327
1.445
1.358
1.356
1.352
2.074
1.341
1.396
1.362
1.275
1.358
2.045
1.346
1.419
1.363
1.349
1.420
1.334
1.958
1.378
1.345
1.289
1.418
1.371
2.032
1.411
1.349
1.362
1.401
1.356
1.258
2.039
1.343
1.275
1.341
1.356
1.305
1.979
1.381
1.349
1.452
1.366
1.289
1.989
1.395
1.356
1.370
1.351
1.366
1.379
1.887
1.352
1.422
1.336
1.265
1.424
2.005
1.417
1.413
1.344
1.372
1.396
1.331
1.335
1.352
1.360
1.415
1.437
1.340
1.982
1.457
1.392
1.342
1.388
1.313
2.101
1.443
1.353
1.288
1.390
1.373
1.292
1.944
1.345
1.261
1.394
1.371
1.280
2.038
1.403
1.294
1.341
1.361
1.402
1.391
1.383
1.327
1.425
1.326
