1.258
1.825
1.165
1.255
1.187
1.214
1.265
1.167
1.121
1.895
1.100
1.168
1.254
1.127
1.203
1.266
1.166
1.892
1.264
1.124
1.265
1.245
1.077
1.232
1.325
1.086
1.881
1.251
1.207
1.187
1.229
1.125
1.333
1.260
1.742
1.186
1.241
1.137
1.099
1.205
1.150
1.171
2.005
1.156
1.193
1.176
1.147
1.240
1.253
1.216
1.878
1.211
1.103
1.185
1.274
1.215
1.251
1.256
1.763
1.217
1.240
1.089
1.215
1.188
1.153
1.197
1.930
1.174
1.183
1.335
1.166
1.178
1.282
1.124
1.955
1.184
1.173
1.243
1.155
1.093
1.181
1.225
1.205
1.979
1.222
1.212
1.176
1.283
1.099
1.186
1.215
1.798
1.176
1.187
1.146
1.184
1.230
1.182
1.178
1.973
1.102
1.242
1.261
1.186
1.240
1.319
1.249
1.947
1.199
1.063
1.215
1.241
1.152
1.145
1.283
1.815
1.110
1.320
1.163
1.154
1.363
1.140
1.162
1.890
1.124
1.220
1.205
1.146
1.257
1.235
1.098
1.724
1.262
1.171
1.130
1.237
1.130
1.190
1.246
1.825
1.177
1.282
1.260
1.195
1.215
1.212
1.173
1.235
1.146
1.158
1.309
1.111
1.222
1.277
1.162
1.173
2.029
1.187
1.165
1.223
1.155
1.181
1.205
1.079
1.792
1.246
1.160
1.138
1.227
1.157
1.184
1.278
1.709
1.173
1.251
1.147
1.185
1.330
1.188
1.193
1.974
1.101
1.185
1.273
1.255
1.220
1.256
1.180
1.791
1.325
1.116
1.287
1.257
1.140
1.163
1.241
1.919
1.179
1.215
1.115
1.206
1.196
1.167
1.146
1.959
1.143
1.243
1.246
1.122
1.222
1.200
1.154
1.723
1.244
1.127
1.217
1.258
1.199
1.229
1.253
1.750
1.190
1.244
1.141
1.181
1.275
1.233
1.158
1.992
1.144
1.202
1.254
1.196
1.126
1.290
1.138
1.741
1.211
1.211
1.243
1.246
1.140
1.200
1.257
1.772
1.161
1.220
1.121
1.243
1.236
1.173
1.149
1.985
1.127
1.136
1.259
1.127
1.239
1.183
1.163
1.796
1.256
1.213
1.144
1.266
1.151
1.247
1.228
1.823
1.235
1.240
1.145
1.297
1.189
1.093
1.172
2.026
1.232
1.193
1.288
1.144
1.260
1.159
1.121
1.955
1.136
1.123
1.176
1.237
1.150
1.197
1.224
1.794
1.192
1.231
1.188
1.181
1.182
1.114
1.211
1.804
1.231
1.160
1.259
1.159
1.239
1.225
1.141
1.979
1.240
1.148
1.201
1.332
1.116
1.102
1.229
1.780
1.234
1.240
1.114
1.216
1.374
1.132
1.105
2.085
1.106
1.255
1.180
1.141
1.130
1.180
1.137
1.894
1.149
1.170
1.248
1.241
1.261
1.172
1.275
1.926
1.209
1.230
1.167
1.268
1.197
1.114
1.118
1.916
1.170
1.143
1.218
1.200
1.145
1.198
1.188
1.918
1.243
1.081
1.131
1.195
1.159
1.181
1.175
1.840
1.193
1.358
1.157
1.181
1.237
1.130
1.214
1.757
1.163
1.182
1.180
1.154
1.215
1.155
1.192
1.762
1.210
1.155
1.236
1.193
1.128
1.162
1.156
1.871
1.129
1.217
1.139
1.238
1.217
1.175
1.206
1.231
1.154
1.197
1.158
1.172
1.168
1.169
1.873
1.199
1.194
1.211
1.179
1.235
1.137
1.798
1.224
1.124
1.196
1.208
1.195
1.173
1.165
1.748
1.172
1.178
1.123
1.290
1.219
1.127
1.154
1.955
1.137
1.226
1.220
1.148
1.188
1.149
1.202
1.937
1.215
1.179
1.215
1.162
1.138
1.169
1.150
1.852
1.211
1.195
1.154
1.180
1.193
1.150
1.220
1.796
1.150
1.167
1.264
1.171
1.174
1.229
1.164
1.927
1.163
1.143
1.202
1.275
1.192
1.129
1.281
1.280
1.191
1.198
1.177
1.217
1.206
1.140
1.897
1.238
1.133
1.205
1.405
1.170
1.164
1.258
1.861
1.254
1.238
1.206
1.188
1.208
1.152
1.272
1.934
1.143
1.133
1.199
1.162
1.202
1.185
1.131
1.934
1.198
1.184
1.272
1.152
1.208
1.251
1.197
1.854
1.196
1.257
1.127
1.240
1.175
1.139
1.235
1.772
1.132
1.206
1.182
1.210
1.229
1.147
1.118
1.868
1.211
1.101
1.191
1.225
1.203
1.228
1.189
1.903
1.150
1.244
1.236
1.156
1.205
1.123
1.792
1.213
1.143
1.202
1.171
1.375
1.207
1.225
1.191
1.210
1.210
1.159
1.199
1.251
1.181
1.172
1.802
1.142
1.341
1.233
1.148
1.261
1.156
1.161
1.833
1.246
1.148
1.253
1.202
1.244
1.212
1.222
1.751
1.139
1.173
1.166
1.198
1.225
1.181
1.204
1.856
1.143
1.168
1.234
1.156
1.127
1.235
1.802
1.205
1.257
1.182
1.219
1.193
1.111
1.221
1.899
1.164
1.192
1.192
1.103
1.153
1.183
1.192
1.956
1.164
1.128
1.210
1.200
1.169
1.135
1.124
1.859
1.177
1.226
1.144
1.230
1.163
1.171
1.891
1.193
1.169
1.172
1.240
1.238
1.185
1.210
1.871
1.152
1.149
1.183
1.149
1.221
1.163
1.194
1.986
1.161
1.201
1.199
1.120
1.145
1.187
1.864
1.181
1.247
1.088
1.250
1.242
1.187
1.132
2.011
1.212
1.894
1.854
1.448
1.337
1.329
1.474
1.204
1.265
2.258
1.343
1.297
1.365
1.260
1.293
1.477
2.995
1.372
1.517
1.236
1.301
1.409
1.246
1.314
2.314
1.143
1.245
1.238
1.107
1.110
1.281
1.245
1.766
1.189
1.129
1.203
1.207
1.151
1.140
1.282
1.964
1.151
1.318
1.183
1.164
1.207
1.125
1.924
1.326
1.160
1.246
1.225
1.106
1.194
1.224
1.897
1.189
1.266
1.192
1.183
1.262
1.171
1.172
1.861
1.113
1.111
1.196
1.314
1.097
1.250
1.140
1.865
1.344
1.082
1.139
1.236
1.201
1.188
1.829
1.092
1.188
1.257
1.159
1.164
1.262
1.115
1.789
1.252
1.108
1.191
1.217
1.201
1.163
1.224
1.960
1.205
1.223
1.203
1.202
1.233
1.154
1.168
1.959
1.181
1.183
1.244
1.183
1.194
1.238
1.859
1.237
1.240
1.182
1.154
1.296
1.139
1.246
1.858
1.190
1.141
1.272
1.166
1.245
1.249
1.252
1.916
1.282
1.179
1.089
1.235
1.111
1.205
1.940
1.186
1.104
1.224
1.138
1.075
1.218
1.083
1.932
1.238
1.103
1.152
1.258
1.165
1.196
1.974
1.176
1.144
1.327
1.166
1.227
1.247
1.142
1.723
1.186
1.168
1.126
1.258
1.211
1.151
1.213
1.802
1.183
1.306
1.142
1.205
1.234
1.134
1.202
1.926
1.139
1.227
1.324
1.143
1.210
1.202
1.917
1.069
1.176
1.205
1.169
1.231
1.154
1.131
1.891
1.141
1.177
1.303
1.214
1.058
1.281
1.862
1.152
1.245
1.124
1.226
1.226
1.175
1.238
1.949
1.157
1.190
1.289
1.115
1.196
1.264
1.081
1.213
1.246
1.123
1.106
1.250
1.132
1.182
1.965
1.122
1.262
1.250
1.151
1.186
1.344
1.163
1.711
1.215
1.134
1.228
1.263
1.155
1.092
1.274
1.618
1.167
1.249
1.141
1.138
1.309
1.185
1.902
1.260
1.197
1.167
1.253
1.168
1.203
1.202
1.754
1.179
1.250
1.124
1.161
1.259
1.212
1.206
1.490
1.135
1.170
1.218
1.121
1.166
1.252
1.863
1.226
1.295
1.141
1.158
1.235
1.152
1.140
1.936
1.154
1.134
1.223
1.119
1.125
1.297
2.971
1.129
1.264
1.087
1.255
1.245
1.142
1.231
1.969
1.165
1.183
1.225
1.154
1.208
1.252
1.932
1.183
1.250
1.226
1.212
1.290
1.129
1.199
1.973
1.188
1.270
1.232
1.170
1.138
1.240
1.108
1.801
1.261
1.138
1.221
1.280
1.209
1.177
1.996
1.169
1.193
1.266
1.200
1.219
1.284
1.122
1.824
1.282
1.173
1.282
1.291
1.165
1.186
1.227
1.881
1.196
1.234
1.142
1.249
1.223
1.160
1.837
1.256
1.182
1.162
1.309
1.148
1.183
1.298
1.716
1.176
1.280
1.261
1.127
1.234
1.145
1.967
