3.256
3.348
3.221
3.263
3.308
3.343
3.210
3.253
3.921
3.176
3.368
3.283
3.239
3.295
3.272
3.319
3.255
3.292
3.297
3.313
3.338
3.317
3.303
3.310
3.242
3.872
3.304
3.210
3.295
3.310
3.289
3.272
3.389
3.199
3.370
3.273
3.261
3.884
3.223
3.297
3.263
3.929
3.318
3.293
3.231
3.246
3.328
3.319
3.266
3.336
3.310
3.304
3.292
3.272
3.196
3.323
3.211
3.228
3.333
3.285
3.231
3.776
3.189
3.389
3.277
3.331
3.881
3.264
3.208
3.194
3.244
3.098
3.236
3.713
3.211
3.201
3.284
3.203
3.222
3.220
3.253
3.307
3.284
3.868
3.243
3.596
3.192
3.528
3.211
3.280
3.249
3.284
3.219
3.279
3.248
3.245
3.237
3.666
3.254
3.297
3.259
3.294
3.233
3.308
3.301
3.236
3.227
3.241
3.202
3.672
3.235
3.937
3.269
3.233
3.243
3.223
3.427
3.282
3.314
3.268
3.216
3.535
3.200
3.146
3.915
3.183
3.213
3.271
3.308
3.294
3.253
3.211
3.192
3.608
3.235
3.244
3.739
3.213
3.215
3.268
3.214
3.250
3.331
3.258
3.246
3.825
3.288
3.202
3.671
3.271
3.257
3.262
3.849
3.262
3.231
3.196
3.339
3.646
3.279
3.197
3.582
3.221
3.260
3.258
3.249
3.852
3.261
3.224
3.250
3.549
3.248
3.176
3.651
3.198
3.252
3.335
3.237
3.951
3.324
3.229
3.247
3.442
3.225
3.280
3.724
3.204
3.373
3.223
3.138
3.831
3.426
3.185
3.294
3.462
3.248
3.196
3.647
3.211
3.351
3.206
3.856
3.273
3.206
3.450
3.278
3.613
3.250
3.253
3.780
3.247
3.260
3.305
3.352
3.390
3.298
3.292
3.223
3.659
3.357
3.250
3.805
3.210
3.313
3.329
3.272
3.284
3.412
3.378
3.248
3.695
3.343
3.174
3.828
3.207
3.233
3.220
3.251
3.289
3.313
3.211
3.245
3.641
3.213
3.271
3.805
3.184
3.229
3.233
3.257
3.246
3.319
3.196
3.306
3.717
3.203
3.927
3.264
3.203
3.348
3.434
3.277
3.318
3.307
3.297
3.263
3.944
3.291
3.327
3.467
3.331
3.267
3.508
3.330
3.388
3.328
4.177
3.180
4.263
3.277
3.311
3.429
3.261
3.313
3.226
3.333
3.398
3.200
3.371
3.963
3.198
3.265
3.294
3.279
3.344
3.259
3.225
3.293
3.344
3.239
3.886
3.339
3.170
3.266
3.256
3.259
3.282
3.259
3.753
3.292
3.294
3.275
3.356
3.303
3.204
3.251
3.287
3.225
3.260
3.321
3.245
3.361
3.286
3.263
3.306
3.318
3.252
3.980
3.266
3.307
3.332
3.272
3.223
3.281
3.266
3.274
3.423
3.314
3.842
3.243
3.282
3.212
3.505
3.309
3.310
3.214
3.265
3.244
3.305
3.278
3.282
3.256
3.262
3.206
3.232
3.304
3.238
3.282
3.855
3.319
3.281
3.265
3.247
3.227
3.263
3.223
3.296
3.404
3.303
3.937
3.298
3.198
3.315
3.253
3.205
3.389
3.288
3.875
3.287
3.291
3.191
3.359
3.252
3.256
3.285
3.284
3.212
3.290
3.289
3.283
3.279
3.414
3.186
3.295
3.343
3.245
3.952
3.293
3.192
3.227
3.284
3.266
3.272
3.265
3.324
3.335
3.342
3.230
3.364
3.268
3.270
3.412
3.374
3.249
3.307
3.729
3.320
3.224
3.269
3.315
3.253
3.320
3.836
3.388
3.299
3.231
3.497
3.291
3.278
3.310
3.280
3.212
3.333
3.308
3.317
3.264
3.280
3.317
3.329
3.274
3.923
3.365
3.273
3.229
3.327
3.371
3.300
3.256
3.955
3.278
3.354
3.351
3.298
3.321
3.253
3.548
3.307
3.339
3.177
3.354
3.305
3.319
3.431
3.296
3.203
3.277
3.296
3.229
3.356
3.270
3.226
3.350
3.279
3.939
3.287
3.301
3.344
3.298
3.394
3.313
3.346
3.939
3.196
3.364
3.240
3.223
3.256
3.244
3.260
3.347
3.349
3.247
3.306
3.280
3.204
3.386
3.241
3.349
3.307
3.943
3.250
3.327
3.294
3.284
3.420
3.333
3.303
3.365
3.267
3.217
3.347
3.255
3.211
3.230
3.915
3.240
3.362
3.279
3.331
3.225
3.274
3.826
3.258
3.291
3.151
3.271
3.312
3.366
3.936
3.277
3.320
3.238
3.260
3.345
3.288
3.396
3.229
3.279
3.301
3.236
3.372
3.267
3.255
3.259
3.417
3.218
3.295
3.293
3.271
3.458
3.305
3.288
3.240
3.241
3.286
3.338
3.249
3.257
3.400
3.244
3.258
3.316
3.278
3.208
3.291
3.292
3.235
3.325
3.289
3.159
3.239
3.228
3.214
3.227
3.277
3.837
3.253
3.276
3.238
3.298
3.299
3.197
3.248
3.283
3.346
3.311
3.296
3.276
3.207
3.260
3.262
3.236
3.303
3.274
3.246
3.294
3.256
3.286
3.272
3.217
3.302
3.266
3.262
3.333
3.244
3.256
3.277
3.304
3.238
3.297
3.333
3.226
3.326
3.274
3.252
3.349
3.257
3.198
3.309
3.314
3.192
3.417
3.300
3.186
3.328
3.268
3.242
3.314
3.301
4.010
3.277
3.276
3.199
3.319
3.275
3.225
3.377
3.303
3.254
3.373
3.569
3.183
3.305
4.018
3.264
3.316
3.294
3.450
3.370
3.344
3.228
3.359
3.332
3.347
3.270
3.309
3.262
3.391
3.325
3.167
3.302
3.372
3.196
3.274
3.909
3.257
3.307
3.295
3.360
3.404
3.313
3.232
3.278
3.317
3.312
3.517
3.336
3.244
3.457
3.293
3.206
3.276
3.274
3.342
3.329
3.454
3.212
3.315
3.331
3.285
3.308
3.271
3.189
3.387
3.285
3.222
3.365
3.365
3.231
3.393
3.287
3.288
3.517
3.325
3.280
3.266
3.253
3.265
3.242
3.281
3.499
3.304
3.273
3.261
3.278
3.327
3.248
3.274
3.319
3.244
3.228
3.290
3.171
3.289
3.295
3.289
3.246
3.305
3.219
3.611
3.275
3.255
3.280
3.198
3.212
3.357
3.319
3.254
3.484
3.164
3.211
3.672
3.234
3.256
3.278
3.283
3.256
3.290
3.180
3.301
3.728
3.184
3.256
3.289
3.258
3.218
3.235
3.227
3.204
3.406
3.229
3.261
3.678
3.279
3.230
3.257
3.242
3.374
3.277
3.289
3.254
3.532
3.250
3.212
3.263
3.203
3.292
3.324
3.173
3.250
3.362
3.272
3.189
3.836
3.257
3.224
3.363
3.290
3.239
3.221
3.179
3.233
3.618
3.180
3.312
3.344
3.269
3.294
3.250
3.237
3.233
3.859
3.280
3.223
3.713
3.271
3.237
3.334
3.277
3.260
3.256
3.262
3.232
3.669
3.218
3.533
3.318
3.242
3.914
3.222
3.184
3.290
3.655
3.276
3.212
3.766
3.306
3.231
3.440
4.213
3.377
5.096
3.338
3.317
3.235
3.335
3.310
3.355
3.327
3.368
3.310
3.266
3.233
3.313
3.362
3.261
3.361
3.249
3.223
3.350
3.309
3.282
3.314
3.322
3.265
3.262
3.272
3.241
3.275
3.328
3.246
3.319
3.942
3.289
3.232
3.341
3.448
3.264
3.238
3.977
3.370
3.370
3.255
3.215
3.386
3.340
3.258
3.291
3.243
3.342
3.303
3.323
3.330
3.300
3.217
3.409
3.288
3.308
3.280
3.359
3.302
3.261
3.314
3.307
3.248
3.311
3.295
3.390
3.285
3.287
3.225
3.381
3.244
3.359
3.296
3.315
4.019
3.302
3.265
3.317
3.379
3.355
3.923
3.313
3.248
3.332
3.295
3.243
3.369
3.286
3.326
3.338
3.273
3.317
3.307
3.254
3.237
3.275
3.363
3.300
3.348
3.232
3.341
3.340
3.276
3.303
3.943
3.266
3.549
3.383
3.384
3.246
3.362
3.955
3.287
3.277
3.269
3.262
3.330
3.346
3.408
3.233
3.316
3.368
3.320
3.296
3.342
3.293
3.336
3.344
3.253
3.349
3.299
3.280
3.476
3.245
3.588
4.070
3.243
3.251
3.381
3.487
3.270
3.324
3.247
3.253
3.278
3.299
3.288
3.409
3.336
3.274
3.246
3.298
3.219
3.334
3.272
3.297
3.317
3.297
3.956
3.294
3.252
3.265
3.441
3.296
3.328
3.282
3.227
3.312
3.381
