3.236
3.548
3.285
3.716
3.262
3.511
3.174
3.512
3.294
3.318
3.291
3.517
3.230
3.521
3.314
3.560
3.363
3.607
3.200
3.421
3.280
3.518
3.319
5.330
3.246
3.930
3.879
3.252
3.929
3.260
3.751
3.320
3.798
3.301
3.341
3.262
3.335
3.354
3.276
3.297
3.505
3.331
3.279
3.331
3.397
3.311
3.511
3.309
3.300
3.271
3.508
3.273
3.604
3.304
3.430
3.358
3.440
3.260
3.496
3.261
3.326
3.315
3.543
3.255
3.438
3.320
3.532
3.276
3.448
3.230
3.736
3.321
3.431
3.361
3.592
3.225
3.718
3.253
3.463
3.347
3.669
3.159
3.683
3.267
3.323
3.349
3.338
3.217
3.610
3.247
3.211
3.311
3.809
3.222
3.702
3.280
3.507
3.265
3.377
3.260
3.402
3.276
3.425
3.343
3.911
3.215
3.445
3.271
3.340
3.326
3.301
3.300
4.004
3.225
3.865
3.240
3.855
3.249
4.004
3.922
3.289
3.303
3.318
3.330
3.262
3.580
3.305
3.938
3.316
3.356
3.287
3.416
3.264
3.488
3.284
3.529
3.320
3.472
3.329
3.521
3.277
3.719
3.360
3.496
3.220
3.671
3.336
3.483
3.345
3.363
3.257
3.396
3.245
3.376
3.323
3.492
3.335
3.459
3.381
3.661
3.320
3.415
3.232
3.507
3.350
3.321
3.296
3.462
3.276
3.367
3.288
3.786
3.352
3.322
3.201
3.470
3.278
3.668
3.308
3.810
3.215
3.985
3.285
3.830
3.884
3.251
3.899
3.291
3.803
3.235
3.561
3.415
3.345
3.345
3.403
3.270
3.474
3.341
3.475
3.326
3.316
3.298
3.568
3.293
3.465
3.358
3.443
3.243
3.473
3.282
3.454
3.383
3.614
3.191
3.321
3.326
3.465
3.344
3.326
3.268
3.711
3.227
3.563
3.332
3.619
3.216
3.673
3.284
4.234
3.301
3.283
3.260
3.473
3.350
3.438
3.295
3.829
3.191
3.576
3.322
3.915
3.229
3.917
3.231
4.063
4.086
3.240
3.949
3.273
3.932
3.348
3.464
3.264
3.327
3.263
3.463
3.319
3.492
3.304
3.484
3.299
3.550
3.341
3.530
3.216
3.488
3.291
3.538
3.345
3.629
3.239
3.601
3.333
3.405
3.360
3.404
3.364
3.433
3.267
3.316
3.282
3.320
3.206
3.363
3.271
3.614
3.329
3.481
3.211
3.365
3.248
3.516
3.368
3.308
3.204
3.578
3.243
3.359
3.354
3.413
3.304
3.423
3.285
3.300
3.304
3.401
3.240
3.979
3.256
3.872
3.257
3.855
3.920
3.377
3.894
3.246
5.095
3.459
3.362
3.310
3.272
3.291
3.425
3.326
3.304
3.292
3.286
3.313
3.632
3.368
3.352
3.318
3.313
3.285
3.528
3.324
3.720
3.400
3.502
3.245
3.353
3.331
3.453
3.290
3.529
3.239
3.799
3.280
3.366
3.271
3.464
3.226
3.856
3.302
3.457
3.362
3.362
3.293
3.766
3.255
3.577
3.399
3.568
3.230
3.434
3.306
3.789
3.365
3.898
3.266
3.949
3.255
3.681
3.863
3.324
3.859
3.248
3.443
3.257
3.715
3.253
3.300
3.338
3.398
3.301
3.606
3.298
3.311
3.319
3.626
3.277
3.895
3.229
3.455
3.363
3.414
3.312
4.134
3.225
3.278
3.308
3.503
3.288
3.853
3.203
3.501
3.273
3.414
3.269
3.822
3.253
3.600
3.349
3.512
3.223
3.831
3.228
3.318
3.328
3.410
3.244
3.981
3.262
3.347
3.233
3.320
3.244
4.022
3.322
3.843
3.319
3.780
3.356
3.682
3.913
3.284
3.280
3.937
3.476
3.275
3.819
3.221
3.712
3.255
3.375
3.314
3.251
3.248
3.803
3.203
3.286
3.333
3.668
3.253
3.484
3.214
3.594
3.313
3.248
3.324
3.817
3.313
3.754
3.315
3.337
3.288
3.926
3.182
3.265
3.339
3.406
3.368
3.893
3.272
3.387
3.339
3.789
3.270
3.812
3.232
3.292
3.327
3.785
3.250
4.341
3.275
3.608
3.273
3.355
3.268
3.905
3.269
3.748
3.244
3.468
3.247
3.868
3.262
3.671
3.243
3.360
3.258
4.050
3.247
3.366
3.243
3.569
3.280
4.066
3.277
3.925
3.317
3.939
3.198
3.710
3.277
3.903
3.276
3.810
3.221
3.883
3.889
3.264
3.908
3.196
3.293
3.922
3.796
3.308
3.882
3.207
3.390
3.260
3.614
3.270
3.558
3.253
3.298
3.284
3.414
3.292
3.473
3.253
3.565
3.364
3.533
3.263
3.646
3.254
3.461
3.312
3.411
3.335
4.030
3.274
3.523
3.350
3.612
3.180
4.338
3.277
3.514
3.299
3.223
3.252
3.800
3.290
3.499
3.288
3.450
3.283
3.772
3.289
3.373
3.262
3.501
3.255
3.979
3.365
3.458
3.274
3.359
3.282
3.919
3.207
3.479
3.325
3.617
3.245
3.693
3.292
3.602
3.268
3.888
3.229
4.342
3.820
3.278
3.312
3.277
3.967
3.258
3.919
4.002
3.232
5.094
3.351
3.839
3.283
3.532
3.291
3.419
3.314
3.899
3.361
3.368
3.333
3.361
3.285
3.930
3.265
3.318
3.298
3.999
3.284
3.455
3.316
3.310
3.268
3.614
3.324
3.553
3.300
3.448
3.212
3.654
3.357
3.304
3.334
3.331
3.260
3.648
3.247
3.334
3.335
3.360
3.304
3.484
3.355
3.276
3.293
3.491
3.312
3.802
3.290
3.743
3.317
3.646
3.262
3.435
3.309
3.782
3.321
3.717
3.291
3.532
3.381
3.492
3.357
3.748
3.334
3.469
3.315
3.369
3.338
3.548
3.291
3.589
3.281
3.697
3.348
3.803
3.272
3.453
3.328
3.518
3.299
3.512
3.282
3.499
3.335
3.406
3.263
3.463
3.285
3.723
3.316
3.453
3.304
3.469
3.253
3.581
3.262
3.484
3.329
3.316
3.222
3.723
3.261
3.350
3.283
3.632
3.298
3.511
3.275
3.627
3.313
3.521
3.382
3.711
3.364
3.673
3.329
3.775
3.209
3.707
3.248
3.377
3.378
3.560
3.368
3.929
3.271
3.998
3.328
3.822
3.274
3.997
3.306
3.261
3.315
3.309
3.941
3.345
3.923
3.431
5.102
3.283
3.435
3.412
3.382
3.282
3.622
3.287
3.678
3.370
3.346
3.293
3.571
3.275
3.368
3.376
3.487
3.225
3.397
3.309
3.395
3.349
3.373
3.304
3.457
3.266
3.679
3.406
3.482
3.216
3.422
3.370
3.813
3.363
3.395
3.250
3.329
3.277
3.474
3.329
3.471
3.212
3.412
3.294
3.317
3.350
3.473
3.203
3.515
3.299
3.835
3.294
3.437
3.257
3.515
3.305
3.319
3.286
3.389
3.239
3.509
3.255
3.507
3.402
3.471
3.282
3.444
3.255
3.205
3.272
3.326
3.232
3.429
3.352
3.441
3.270
3.454
3.207
3.516
3.263
3.439
3.204
3.357
3.233
3.439
3.305
3.568
3.283
3.310
3.251
3.562
3.343
3.340
3.371
3.685
3.279
3.427
3.308
3.255
3.607
3.665
3.247
3.406
3.254
3.845
3.344
3.603
3.205
3.722
3.264
3.691
3.237
3.463
3.345
3.521
3.324
3.331
3.268
3.449
3.289
3.589
3.252
3.320
3.291
3.559
3.232
3.476
3.255
3.694
3.290
3.357
3.286
3.507
3.294
3.447
3.309
3.614
3.284
3.537
3.256
3.473
3.302
3.616
3.322
3.769
3.285
3.499
3.357
3.424
3.303
3.741
3.305
3.460
3.285
3.696
3.260
3.352
3.272
3.383
3.362
3.668
3.288
3.487
3.355
3.463
3.264
3.574
3.253
3.353
3.281
3.485
3.492
3.718
3.260
3.994
3.275
3.913
3.349
3.450
3.276
3.868
3.227
3.796
3.245
3.814
3.260
3.891
3.277
3.824
3.344
3.885
3.175
3.926
3.285
3.804
5.093
3.282
3.220
3.882
3.256
3.811
3.310
3.970
3.264
3.332
3.347
3.287
5.151
3.257
3.965
3.339
3.534
3.274
3.917
3.246
3.908
3.329
3.437
3.302
4.017
3.252
3.927
3.307
3.288
3.230
3.453
3.331
3.332
3.311
3.383
3.312
3.528
3.281
3.640
3.306
3.635
3.354
3.469
3.311
3.381
3.411
3.587
3.297
3.348
3.260
3.803
3.357
3.976
3.230
3.512
3.283
3.470
3.354
3.376
