1.325
1.929
1.402
1.354
1.263
1.438
1.336
1.328
2.053
1.335
1.342
1.291
1.273
1.302
1.422
1.932
1.329
1.364
1.363
1.335
1.285
1.283
2.082
1.336
1.297
1.322
1.331
1.331
1.311
2.028
1.380
1.337
1.366
1.360
1.299
1.297
1.360
1.922
1.376
1.337
1.284
1.364
1.281
1.252
2.028
1.382
1.311
1.337
1.352
1.278
1.320
1.981
1.301
1.349
1.378
1.287
1.275
1.312
2.020
1.327
1.333
1.412
1.291
1.297
1.278
1.998
1.390
1.315
1.365
1.406
1.271
1.467
1.973
1.389
1.395
1.358
1.237
1.383
1.374
1.922
1.336
1.398
1.338
1.325
1.285
1.327
2.035
1.339
1.314
1.343
1.342
1.296
1.329
1.918
1.383
1.317
1.331
1.266
1.341
1.291
2.003
1.357
1.361
1.330
1.337
1.411
1.276
1.294
1.266
1.308
1.260
1.335
1.339
1.248
1.253
2.001
1.419
1.403
1.270
1.342
1.308
1.301
2.006
1.360
1.365
1.440
1.328
1.309
1.334
1.847
1.304
1.364
1.420
1.301
1.275
1.265
1.948
1.292
1.370
1.353
1.298
1.293
1.283
1.977
1.391
1.330
1.352
1.333
1.265
1.316
1.965
1.374
1.340
1.302
1.334
1.396
1.327
1.944
1.384
1.388
1.330
1.317
1.264
1.287
2.011
1.388
1.379
1.264
1.351
1.301
1.354
1.970
1.401
1.405
1.310
1.281
1.424
1.330
1.880
1.340
1.347
1.367
1.341
1.312
1.306
2.758
1.406
1.259
1.375
1.484
1.425
1.354
2.030
1.259
1.393
1.350
1.256
1.311
1.349
1.976
1.334
1.358
1.346
1.304
1.355
1.264
1.914
1.400
1.390
1.298
1.341
1.317
1.339
1.965
1.384
1.289
1.270
1.377
1.312
1.281
2.012
1.333
1.328
1.307
1.344
1.325
1.446
2.054
1.343
1.343
1.406
1.348
1.269
1.324
1.969
1.322
1.360
1.333
1.250
1.356
1.370
1.912
1.389
1.326
1.250
1.378
1.405
1.295
1.975
1.347
1.315
1.329
1.369
1.285
1.388
2.012
1.292
1.287
1.324
1.414
1.333
1.369
1.991
1.468
1.340
1.327
1.372
1.312
1.242
2.023
1.320
1.267
1.468
1.362
1.312
1.309
1.937
1.277
1.393
1.388
1.355
1.340
1.355
1.854
1.329
1.350
1.378
1.288
1.363
1.227
2.043
1.348
1.279
1.402
1.398
1.274
1.321
2.039
1.353
1.314
1.360
1.248
1.334
1.360
1.979
1.307
1.374
1.405
1.324
1.313
1.274
1.974
1.377
1.390
1.382
1.239
1.286
1.325
2.120
1.408
1.337
1.318
1.397
1.291
1.294
1.925
1.300
1.378
1.291
1.374
1.322
1.277
1.968
1.346
1.320
1.292
1.406
1.366
1.350
2.013
1.354
1.283
1.323
1.351
1.369
1.294
1.921
1.398
1.332
1.298
1.360
1.317
1.365
1.904
1.256
1.371
1.363
1.519
1.389
1.301
2.037
1.299
1.300
1.355
1.276
1.378
1.435
2.031
1.324
1.271
1.353
1.442
1.336
1.309
2.002
1.344
1.296
1.311
1.379
1.309
1.311
2.050
1.356
1.395
1.275
1.344
1.328
1.412
1.950
1.337
1.258
1.331
1.343
1.245
1.367
1.884
1.332
1.254
1.378
1.336
1.269
1.416
1.965
1.391
1.336
1.425
1.443
1.338
1.233
1.874
1.312
1.346
1.251
1.341
1.415
1.244
1.965
1.408
1.272
1.285
1.407
1.313
1.393
2.086
1.344
1.342
1.421
1.368
1.301
1.320
1.974
1.357
1.313
1.429
1.310
1.287
1.346
2.016
1.341
1.357
1.324
1.342
1.459
1.330
2.087
1.297
1.396
1.272
1.349
1.411
1.374
2.028
1.365
1.305
1.311
1.372
1.340
1.439
1.926
1.306
1.311
1.415
1.414
1.278
1.392
1.821
1.341
1.313
1.350
1.236
1.297
1.236
1.962
1.305
1.344
1.269
1.257
1.273
1.282
1.918
1.390
1.297
1.347
1.311
1.352
1.306
2.088
1.324
1.452
1.272
1.314
1.341
1.364
1.931
1.357
1.307
1.286
1.368
1.339
1.271
2.061
1.299
1.276
1.306
1.336
1.297
1.365
1.897
1.316
1.372
1.430
1.390
1.312
1.264
2.138
1.397
1.312
1.273
1.302
1.288
1.232
2.066
1.307
1.337
1.298
1.362
1.343
1.944
1.384
1.287
1.311
1.366
1.406
1.265
1.987
1.338
1.304
1.370
1.289
1.269
1.349
1.845
1.407
1.291
1.229
1.355
1.309
1.327
1.941
1.335
1.283
1.351
1.340
1.249
1.332
1.938
1.286
1.279
1.380
1.332
1.368
1.282
1.895
1.406
1.391
1.393
1.340
1.302
1.308
2.081
1.346
1.373
1.389
1.287
1.274
1.326
1.989
1.293
1.347
1.356
1.315
1.334
1.303
2.029
1.312
1.335
1.274
1.321
1.351
1.248
2.115
1.294
1.326
1.362
1.320
1.308
1.323
1.923
1.376
1.303
1.398
1.254
1.399
1.992
1.349
1.333
1.372
1.326
1.344
1.325
1.930
1.409
1.304
1.225
1.326
1.389
1.232
1.975
1.414
1.386
1.357
1.301
1.343
1.368
2.085
1.332
1.389
1.368
1.280
1.381
1.298
1.891
1.360
1.386
1.383
1.357
1.316
1.458
1.959
1.314
1.362
1.387
1.343
1.277
1.392
1.978
1.385
1.336
1.348
1.321
1.388
1.279
1.308
1.443
1.310
1.299
1.355
1.265
1.318
2.121
1.363
1.449
1.290
1.452
1.238
1.969
1.375
1.380
1.404
1.364
1.321
1.364
2.084
1.360
1.332
1.326
1.310
1.313
1.288
2.070
1.349
1.339
1.363
1.366
1.351
1.338
1.954
1.350
1.271
1.344
1.309
1.390
1.362
1.785
1.400
1.400
1.282
1.355
1.517
1.364
2.049
1.421
1.364
1.461
1.386
1.417
1.920
1.530
1.336
1.335
1.536
1.380
1.270
2.023
1.336
1.381
1.358
1.282
1.293
1.324
2.023
1.384
1.286
1.322
1.453
1.370
1.307
1.999
1.448
1.333
1.386
1.335
1.353
1.252
2.172
1.354
1.375
1.459
1.293
1.265
1.401
2.055
1.320
1.342
1.361
1.420
1.476
1.411
1.438
1.372
1.564
1.317
1.320
1.367
1.971
1.459
1.348
1.316
1.354
1.424
1.278
2.029
1.349
1.390
1.294
1.297
1.336
1.453
1.968
1.331
1.397
1.406
1.409
1.360
1.327
2.060
1.401
1.314
1.349
1.396
1.323
1.280
2.125
1.295
1.335
1.379
1.321
1.358
1.965
1.437
1.358
1.299
1.317
1.353
1.311
1.958
1.368
1.432
1.335
1.266
1.341
1.348
2.229
1.317
1.322
1.333
1.348
1.344
1.313
2.156
1.408
1.276
1.298
1.395
1.306
1.463
1.952
1.306
1.334
1.323
1.313
1.370
1.994
1.314
1.378
1.334
1.428
1.332
1.351
1.981
1.434
1.284
1.234
1.337
1.329
1.374
2.036
1.238
1.257
1.368
1.359
1.276
1.378
1.944
1.323
1.457
1.361
1.310
1.365
1.936
1.256
1.342
1.370
1.278
1.425
1.297
2.016
1.354
1.330
1.239
1.394
1.363
1.334
1.486
1.341
1.375
1.297
1.252
1.263
1.344
1.978
1.305
1.494
1.463
1.322
1.313
1.883
1.308
1.400
1.378
1.320
1.459
1.302
1.907
1.339
1.287
1.293
1.346
1.344
1.290
1.568
1.352
1.332
1.400
1.280
1.344
1.279
1.390
1.431
1.339
1.312
1.325
1.415
1.904
1.275
1.411
1.332
1.383
1.309
1.295
2.025
1.368
1.333
1.350
1.400
1.404
1.305
2.062
1.367
1.311
1.342
1.308
1.275
1.964
1.338
1.283
1.312
1.332
1.236
1.364
1.911
1.351
1.410
1.322
1.332
1.367
1.384
1.856
1.405
1.362
1.323
1.309
1.276
1.253
1.332
1.389
1.313
1.370
1.325
1.321
2.019
1.381
1.296
1.365
1.355
1.291
1.432
1.980
1.303
1.397
1.322
1.367
1.353
1.318
2.034
1.461
1.307
1.316
1.453
1.277
1.924
1.430
1.338
1.510
2.065
1.395
1.299
1.353
1.250
1.372
2.033
1.298
1.386
1.336
1.357
1.437
1.917
1.327
1.383
1.338
1.350
1.344
1.286
1.980
1.375
1.277
1.290
1.380
1.329
1.361
