1.902
3.252
1.940
1.930
1.735
3.276
1.855
1.890
3.283
1.984
1.857
1.794
3.277
1.831
1.813
1.837
1.876
1.992
1.959
3.325
1.780
1.826
1.753
3.266
1.794
1.815
1.853
2.665
1.877
1.771
3.377
1.849
1.830
1.975
3.203
1.838
1.854
3.177
1.912
1.823
2.135
3.238
2.009
1.772
1.783
3.250
1.799
1.772
3.266
1.808
1.791
1.987
3.323
1.816
1.820
1.828
2.461
1.982
1.792
3.280
1.882
1.804
1.710
3.228
2.041
1.848
3.279
1.837
1.799
1.940
3.230
1.923
1.841
1.748
2.305
1.886
1.864
3.249
1.901
1.781
1.787
3.253
1.893
1.996
1.860
2.289
1.927
1.835
3.188
1.896
2.008
1.788
3.316
1.809
1.863
3.237
1.942
1.721
1.841
3.288
1.878
1.881
1.816
2.454
1.820
1.897
3.273
1.855
1.926
1.742
3.270
1.871
1.759
1.792
2.430
1.795
1.792
3.289
1.880
1.813
1.907
3.196
1.918
1.919
3.245
1.992
1.879
1.826
3.201
1.886
1.825
1.884
2.548
1.977
1.842
3.288
1.838
1.846
1.943
3.192
1.795
1.886
1.740
2.366
1.949
1.700
3.261
1.957
1.806
1.939
3.212
1.834
1.918
3.376
1.827
1.977
1.887
3.238
1.880
1.854
3.247
1.801
1.938
1.935
3.171
1.911
1.781
1.893
3.273
1.776
1.831
3.278
1.838
1.840
1.830
3.157
1.772
1.812
1.792
2.463
1.980
1.792
3.359
1.873
1.917
1.992
3.217
1.846
1.820
3.269
1.850
1.733
1.929
3.158
1.948
1.892
3.222
1.890
1.965
1.835
3.169
1.949
1.726
3.251
1.848
1.792
1.796
3.261
1.839
1.741
1.832
2.339
1.866
1.923
3.171
1.993
1.802
1.719
3.237
1.847
1.783
1.858
2.198
1.793
1.872
3.263
1.787
1.789
1.864
3.242
1.786
1.873
3.209
1.875
1.846
1.762
3.274
1.892
1.742
3.296
1.912
1.770
1.739
3.232
1.824
1.753
3.239
1.878
1.751
1.813
3.229
1.738
1.975
3.235
1.865
1.952
1.779
3.214
1.920
1.738
3.279
1.938
1.845
1.774
3.348
1.902
2.000
3.333
1.856
1.841
1.898
3.202
1.896
1.809
3.301
1.968
1.801
1.790
3.181
1.907
1.804
3.210
1.951
1.758
1.787
3.297
1.790
1.833
3.283
1.812
1.851
1.790
3.182
1.747
1.815
3.314
1.833
1.831
1.674
3.204
1.942
1.757
3.284
1.872
1.787
1.807
3.319
1.729
1.917
3.309
1.816
1.805
1.926
3.256
1.842
1.795
3.206
1.875
1.943
1.670
3.230
1.949
1.848
3.333
2.093
1.823
1.820
3.248
1.829
1.865
3.246
1.975
1.779
1.830
3.247
1.819
1.884
3.236
1.905
1.908
1.964
3.313
1.829
1.727
3.258
1.899
1.794
1.980
3.210
1.890
1.919
3.292
1.842
1.959
1.836
3.229
1.864
1.963
3.188
1.878
1.719
1.903
3.182
1.881
1.963
3.223
1.987
1.713
1.991
3.271
1.735
1.901
3.214
1.901
1.836
1.743
3.222
1.845
1.825
3.212
1.878
1.854
1.769
3.184
1.979
1.835
3.321
1.884
1.700
1.699
3.264
1.789
1.852
3.268
1.770
1.823
1.818
3.240
2.031
2.017
3.245
1.838
1.864
1.880
3.205
1.828
1.850
3.282
1.912
1.744
1.916
3.242
1.877
1.800
3.195
1.842
1.915
1.834
3.281
1.852
1.797
3.189
1.898
1.834
1.809
3.251
1.895
1.842
3.297
1.900
1.722
1.788
3.267
1.882
1.919
3.303
1.858
1.887
1.944
3.263
1.891
1.854
3.281
1.868
1.923
1.737
3.160
1.818
1.936
3.229
1.802
1.898
1.751
3.240
1.821
1.869
3.263
1.791
1.891
1.817
3.272
1.819
1.794
3.198
1.880
1.900
1.727
3.202
1.920
1.924
3.356
1.946
1.789
1.850
3.285
2.056
1.902
3.222
1.819
1.854
1.881
3.210
1.782
1.811
3.273
2.107
1.746
1.935
3.301
1.928
1.761
3.263
1.816
1.906
1.763
3.222
1.924
1.792
3.387
1.796
2.126
1.925
3.267
1.824
1.773
3.290
1.837
1.820
1.847
3.282
1.729
1.723
3.249
1.895
1.799
1.931
3.243
1.875
1.821
3.380
1.892
1.817
1.838
3.291
1.840
1.912
3.228
1.797
1.892
1.804
2.672
1.956
1.759
3.282
1.774
1.834
1.770
3.288
1.897
1.872
3.262
1.747
1.862
2.047
3.202
1.868
1.875
3.201
1.902
1.862
1.754
3.210
1.930
1.917
3.171
1.918
1.888
1.953
3.196
1.842
2.008
2.680
1.870
1.963
1.800
3.213
1.830
1.767
3.242
1.860
1.905
1.746
3.275
1.823
1.800
3.306
1.864
1.824
1.892
3.211
1.858
1.829
3.298
1.790
2.053
1.695
3.221
1.837
1.779
3.254
1.886
1.950
1.781
3.311
1.866
1.772
3.258
1.873
1.932
1.888
3.249
1.757
1.902
3.221
1.823
2.024
1.874
3.195
1.795
2.079
3.277
1.832
1.846
1.769
3.192
1.827
1.788
3.261
1.992
1.810
1.744
3.329
1.868
1.832
3.339
1.848
1.977
1.821
3.214
1.871
1.889
3.205
1.954
1.936
1.736
3.337
1.972
1.978
3.273
1.975
1.722
1.845
2.607
1.759
1.982
3.238
2.065
2.022
1.901
3.184
3.649
1.927
1.898
3.215
1.919
1.984
1.747
3.258
1.926
1.864
3.173
2.114
1.841
1.681
3.262
1.765
1.859
3.269
1.829
1.818
2.062
3.147
1.822
1.868
3.270
1.900
1.957
1.778
3.269
2.065
1.857
3.290
1.982
1.768
1.897
3.271
1.740
1.887
3.336
1.914
1.786
1.903
3.169
1.834
1.845
3.218
1.999
1.893
1.750
3.260
1.870
1.734
3.414
1.967
1.781
1.868
3.312
1.747
1.923
3.326
1.925
1.800
1.819
2.423
1.809
2.032
3.153
1.941
1.962
1.780
3.290
1.886
1.852
3.265
2.127
1.844
2.022
3.257
1.896
1.772
3.313
1.884
1.954
1.837
3.169
1.873
1.789
3.271
1.719
1.884
1.684
2.516
1.888
1.690
3.306
1.910
1.794
1.836
3.322
1.680
1.745
3.411
1.925
1.866
1.820
3.142
1.818
1.844
3.320
1.836
1.861
1.668
3.243
1.865
1.740
3.248
1.814
1.761
1.916
2.732
1.730
1.965
3.251
1.905
1.928
1.825
3.328
1.825
1.962
3.178
1.967
1.880
1.850
2.457
1.854
1.708
3.334
2.118
1.750
1.815
3.260
1.714
1.859
3.257
1.847
1.876
1.858
2.245
1.886
1.819
3.206
2.018
1.839
1.922
3.196
1.871
1.757
3.249
2.122
1.808
1.875
2.510
1.745
1.952
3.310
2.026
1.736
1.942
3.163
1.897
1.927
3.272
2.026
1.927
1.741
2.623
1.906
2.009
3.257
1.916
1.836
1.926
2.338
2.002
2.001
3.339
1.840
1.954
1.847
2.416
1.888
1.844
3.225
2.001
1.898
1.734
2.490
1.927
1.648
3.288
1.954
1.958
1.766
2.741
1.812
1.757
3.338
1.786
1.740
1.949
2.428
1.786
2.038
3.222
1.800
1.902
1.841
2.276
1.980
1.758
3.301
1.961
1.861
3.223
2.024
1.769
1.921
3.273
1.868
1.862
3.282
1.930
1.975
1.901
2.486
1.818
1.863
3.269
1.844
1.907
1.752
2.516
1.903
1.771
3.375
1.981
1.847
3.189
1.899
1.717
1.867
3.290
1.899
2.023
3.328
1.843
1.787
1.992
3.210
1.749
1.851
3.195
1.975
2.043
1.811
2.601
1.866
1.840
3.276
1.865
1.846
1.820
2.713
1.908
1.841
3.227
1.772
1.870
3.315
1.766
1.855
1.939
3.238
1.991
2.001
3.216
2.001
1.895
1.893
2.529
1.811
1.862
3.294
2.022
1.814
1.908
2.592
1.880
1.895
3.280
1.778
1.841
2.557
1.756
1.940
1.837
3.224
1.831
2.019
3.195
1.976
1.875
1.687
3.290
1.797
1.740
3.324
2.010
1.766
2.521
1.810
1.802
1.843
3.272
1.839
1.814
3.253
1.806
1.882
1.923
3.242
1.922
1.835
3.214
1.933
1.896
1.670
1.826
2.081
1.758
3.314
2.010
1.763
3.280
1.984
1.849
1.738
2.704
1.793
1.797
