1.277
1.117
1.178
1.194
1.088
1.797
1.190
1.107
1.174
1.243
1.105
1.139
1.260
1.110
1.792
1.237
1.082
1.059
1.191
1.128
1.131
1.258
1.089
1.913
1.210
1.096
1.171
1.283
1.112
1.160
1.243
1.108
1.828
1.218
1.088
1.074
1.174
1.143
1.101
1.263
1.012
1.779
1.309
1.173
1.121
1.196
1.120
1.163
1.221
1.079
1.859
1.201
1.093
1.181
1.241
1.134
1.157
1.238
1.103
1.772
1.292
1.153
1.123
1.307
1.127
1.134
1.330
1.120
1.790
1.231
1.145
1.176
1.309
1.156
1.193
1.169
1.198
1.836
1.235
1.247
1.182
1.208
1.126
1.161
1.235
1.149
1.784
1.222
1.151
1.167
1.148
1.165
1.121
1.286
1.049
1.832
1.205
1.137
1.189
1.217
1.086
1.111
1.332
1.132
1.814
1.186
1.175
1.103
1.230
1.146
1.174
1.220
1.143
1.772
1.244
1.047
1.214
1.279
1.044
1.168
1.252
1.142
1.795
1.243
1.164
1.179
1.209
1.097
1.139
1.281
1.646
1.167
1.243
1.108
1.102
1.213
1.118
1.109
1.214
1.917
1.158
1.243
1.097
1.146
1.237
1.138
1.089
1.237
1.775
1.130
1.291
1.038
1.156
1.171
1.154
1.119
1.295
1.754
1.148
1.225
1.184
1.093
1.194
1.111
1.102
1.318
1.833
1.091
1.265
1.135
1.084
1.271
1.080
1.125
1.280
1.911
1.080
1.253
1.123
1.148
1.219
1.124
1.227
1.828
1.136
1.193
1.202
1.150
1.240
1.190
1.225
1.181
2.094
1.120
1.141
1.244
1.202
1.132
1.245
1.130
1.170
1.889
1.183
1.154
1.172
1.078
1.100
1.269
1.137
1.115
1.900
1.121
1.166
1.250
1.106
1.167
1.232
1.079
1.858
1.173
1.087
1.073
1.230
1.104
1.142
1.223
1.125
1.880
1.234
1.203
1.125
1.153
1.156
1.186
1.162
1.080
1.739
1.228
1.053
1.134
1.171
1.131
1.107
1.238
1.163
1.937
1.268
1.086
1.092
1.295
1.131
1.218
1.259
1.773
1.087
1.238
1.155
1.206
1.252
1.045
1.132
1.392
1.787
1.242
1.272
1.126
1.095
1.268
1.080
1.117
1.238
1.831
1.170
1.330
1.076
1.084
1.270
1.074
1.108
1.244
1.804
1.091
1.370
1.167
1.114
1.276
1.069
1.097
3.050
1.189
1.116
1.317
1.056
1.166
1.237
1.140
1.159
2.055
1.076
1.138
1.291
1.072
1.153
1.222
1.203
1.186
1.847
1.185
1.173
1.272
1.104
1.099
1.255
1.104
1.734
1.286
1.101
1.113
1.182
1.042
1.172
1.194
1.128
1.731
1.267
1.083
1.166
1.217
1.090
1.150
1.196
1.141
1.870
1.248
1.075
1.137
1.223
1.165
1.183
1.183
1.876
1.102
1.160
1.087
1.153
1.244
1.211
1.064
1.206
1.951
1.216
1.214
1.068
1.184
1.217
1.168
1.151
1.891
1.107
1.120
1.334
1.077
1.116
1.199
1.158
1.060
1.906
1.179
1.178
1.209
1.150
1.182
1.233
1.122
1.055
1.211
1.095
1.077
1.241
1.138
1.151
1.226
1.192
1.783
1.187
1.175
1.112
1.277
1.119
1.122
1.248
1.030
1.884
1.249
1.134
1.070
1.197
1.073
1.152
1.206
1.723
1.078
1.372
1.090
1.134
1.204
1.163
1.086
1.289
1.661
1.122
1.223
1.255
1.076
1.303
1.064
1.145
1.957
1.154
1.116
1.283
1.158
1.136
1.221
1.098
1.134
1.918
1.113
1.127
1.248
1.099
1.138
1.115
1.165
1.815
1.288
1.223
1.161
1.289
1.145
1.161
1.194
1.133
1.791
1.213
1.076
1.093
1.234
1.093
1.102
1.199
1.769
1.110
1.268
1.126
1.112
1.224
1.106
1.094
1.901
1.093
1.156
1.195
1.182
1.140
1.202
1.033
1.179
1.796
1.151
1.136
1.188
1.127
1.103
1.261
1.102
1.118
1.216
1.243
1.103
1.322
1.117
1.102
1.236
1.104
1.702
1.266
1.042
1.183
1.173
1.061
1.170
1.162
1.684
1.171
1.232
1.064
1.196
1.186
1.078
1.192
1.177
1.598
1.139
1.247
1.142
1.104
1.207
1.133
1.170
1.187
1.774
1.143
1.185
1.116
1.157
1.182
1.138
1.149
1.940
1.093
1.123
1.209
1.104
1.145
1.195
1.088
1.783
1.236
1.052
1.205
1.196
1.109
1.109
1.162
1.188
1.792
1.178
1.070
1.162
1.159
1.132
1.180
1.194
1.812
1.144
1.203
1.065
1.138
1.131
1.201
1.129
1.178
1.827
1.186
1.233
1.084
1.144
1.184
1.070
1.098
1.915
1.104
1.133
1.222
1.072
1.188
1.159
1.065
1.059
1.276
1.139
1.111
1.233
1.058
1.195
1.172
1.122
1.940
1.186
1.084
1.203
1.175
1.140
1.151
1.165
1.783
1.155
1.149
1.091
1.194
1.208
1.087
1.193
1.203
1.873
1.169
1.210
1.143
1.103
1.161
1.118
1.131
1.857
1.079
1.170
1.168
1.151
1.095
1.182
1.061
1.105
1.938
1.049
1.148
1.231
1.093
1.172
1.146
1.093
1.866
1.240
1.037
1.191
1.183
1.127
1.219
1.242
1.785
1.133
1.205
1.043
1.197
1.270
1.083
1.228
1.182
1.792
1.171
1.178
1.078
1.188
1.247
1.076
1.206
1.989
1.219
1.188
1.196
1.111
1.116
1.170
1.100
3.883
1.167
1.049
1.086
1.153
1.128
1.126
1.213
1.105
1.154
1.229
1.083
1.174
1.179
1.052
1.112
1.236
1.121
1.124
1.195
1.054
1.157
1.140
1.056
1.140
1.172
1.061
1.123
1.155
1.040
1.070
1.852
1.082
1.089
1.155
1.075
1.073
1.174
1.125
1.178
1.184
1.048
1.095
1.192
1.024
1.136
1.137
1.044
1.117
1.123
1.058
1.133
1.225
1.064
1.094
1.203
1.026
1.100
1.231
1.062
1.165
1.114
3.807
1.031
1.150
1.038
1.176
1.181
1.371
1.179
1.184
1.063
1.173
1.182
1.159
1.146
1.157
1.072
1.121
1.207
1.113
1.135
1.195
1.027
1.185
1.188
1.079
1.074
1.182
1.088
1.090
1.179
1.037
1.771
1.120
1.067
1.068
1.168
1.079
1.111
1.199
1.034
1.129
1.253
1.105
1.109
1.136
1.029
1.210
1.164
1.102
1.172
1.126
1.024
1.106
1.113
1.071
1.058
1.158
1.073
1.123
1.133
1.039
1.751
1.127
1.066
1.047
1.159
1.156
1.054
1.134
1.046
1.086
1.193
1.073
1.096
1.242
1.076
1.095
1.209
1.063
1.108
1.140
1.065
1.107
1.125
1.130
1.140
1.189
1.080
1.164
1.202
1.140
1.656
1.173
1.067
1.099
1.252
1.090
1.116
1.179
1.128
1.131
1.190
1.058
1.124
1.194
1.071
1.113
1.166
1.072
1.200
1.173
1.078
1.140
1.233
1.098
1.081
1.147
1.146
1.116
1.190
1.117
1.718
1.198
1.090
1.211
1.218
1.124
1.096
1.203
1.036
1.073
1.220
1.068
1.174
1.151
1.051
1.053
1.125
1.031
1.141
1.195
1.032
1.633
1.076
1.925
1.129
1.074
1.229
1.128
1.162
1.212
1.098
1.103
1.234
1.169
1.240
1.315
1.049
1.230
1.313
1.162
1.178
1.192
1.136
1.161
1.242
1.076
1.093
1.303
1.046
1.081
1.223
1.116
1.800
1.218
1.149
1.068
1.225
1.156
1.094
1.230
1.145
1.114
1.266
1.022
1.126
1.219
1.177
1.145
1.265
1.070
1.104
1.237
1.066
1.149
1.325
1.127
1.090
1.237
1.038
1.161
1.218
1.057
1.718
1.184
1.093
1.094
1.155
1.094
1.071
1.182
1.146
1.086
1.304
1.127
1.061
1.249
1.126
1.139
1.190
1.101
1.273
1.292
1.117
1.128
1.205
1.080
1.087
1.237
1.158
1.143
1.215
1.113
1.751
1.215
1.226
1.080
1.229
1.064
1.155
1.270
1.042
1.103
1.205
1.147
1.180
1.252
1.156
1.136
1.318
1.106
1.096
1.280
1.061
1.116
1.227
1.121
1.144
1.231
1.092
1.097
1.215
1.123
1.704
1.191
1.053
1.075
1.236
1.328
1.206
1.169
1.123
1.142
1.179
1.110
1.093
1.213
1.175
1.041
1.206
1.140
1.101
1.199
1.088
1.062
