1.189
1.175
1.011
1.100
1.230
1.168
1.103
1.154
1.080
1.080
1.130
1.046
1.249
1.300
1.073
1.124
1.104
1.064
1.094
1.143
1.044
1.209
1.373
1.084
1.154
1.177
1.035
1.130
1.096
1.106
1.222
1.121
1.031
1.142
1.204
1.015
1.109
1.261
1.141
1.123
1.113
1.007
1.129
1.224
1.021
1.268
1.114
1.166
1.155
1.142
1.021
1.132
1.289
1.034
1.060
1.299
1.056
1.139
1.157
1.025
1.438
1.164
1.001
1.184
1.224
1.102
1.161
1.131
0.993
1.193
1.209
1.233
1.112
1.154
1.099
1.122
1.107
1.057
1.218
1.099
1.144
1.173
1.122
1.053
1.106
1.111
1.062
1.153
1.273
1.035
1.057
1.180
1.036
1.093
1.293
1.010
1.266
1.153
1.078
1.189
1.164
1.004
1.064
1.242
1.050
1.276
1.191
1.054
1.119
1.194
1.199
1.082
1.097
1.025
1.101
1.133
1.119
1.108
1.199
1.085
1.034
1.275
1.052
1.183
1.135
1.047
1.180
1.167
1.123
1.086
1.236
1.076
1.085
1.098
1.003
1.080
1.103
1.124
1.286
1.180
1.100
1.167
1.159
1.015
1.413
1.383
1.242
1.158
1.269
1.077
1.107
1.149
1.079
1.099
1.305
1.089
1.161
1.200
1.022
1.108
1.165
1.016
1.155
1.325
1.045
1.095
1.191
1.071
1.130
1.148
1.271
1.344
1.216
1.054
1.155
1.178
1.033
1.097
1.347
1.031
1.178
1.127
1.060
1.173
1.171
1.126
1.081
1.224
1.202
1.166
1.195
1.115
1.183
1.186
1.051
1.143
1.421
1.079
1.147
1.251
1.071
1.157
1.273
1.027
1.148
1.420
1.036
1.127
1.263
1.075
1.104
1.111
1.124
1.119
1.230
1.006
1.108
1.179
1.041
1.070
1.269
1.151
1.172
1.121
1.011
1.042
1.120
1.134
1.070
1.410
1.101
1.745
1.049
1.117
1.176
1.049
1.084
1.175
1.003
1.222
1.311
1.045
1.127
1.138
1.065
1.084
1.310
1.202
1.199
1.192
1.043
1.099
1.152
1.006
1.199
1.316
1.114
1.106
1.132
1.055
1.094
1.104
1.088
1.128
1.292
1.036
1.148
1.115
1.008
1.037
1.063
1.050
1.282
1.117
1.061
1.147
1.098
0.991
1.072
1.285
1.119
1.130
1.178
1.083
1.128
1.136
1.025
1.073
1.285
1.212
1.127
1.134
1.008
1.149
1.136
1.037
1.187
1.155
1.219
1.097
1.109
1.047
1.078
1.113
0.982
1.170
1.369
1.064
1.079
1.128
1.053
1.125
1.109
1.099
1.266
1.148
1.066
1.105
1.122
1.078
1.093
1.204
0.993
1.203
1.213
1.063
1.152
1.129
1.136
1.206
1.276
1.055
1.145
1.218
1.066
1.122
1.103
1.029
1.138
1.270
1.028
1.130
1.228
1.053
1.102
1.182
1.054
1.172
1.261
1.041
1.122
1.229
1.087
1.382
1.341
1.033
1.254
1.134
1.026
1.161
1.132
1.020
1.047
1.281
1.056
1.174
1.155
1.074
1.132
1.179
1.092
1.052
1.095
1.223
1.081
1.126
1.018
1.062
1.121
1.004
1.288
1.451
1.089
1.118
1.131
1.030
1.120
1.124
1.153
1.105
1.315
1.073
1.110
1.139
1.053
1.111
1.092
1.142
1.258
1.209
1.042
1.121
1.120
1.063
1.090
1.140
1.153
1.498
1.150
1.084
1.100
1.088
1.279
1.067
1.142
1.170
1.192
1.138
1.056
1.083
1.110
1.008
1.224
1.250
0.992
1.150
1.109
1.028
1.044
1.141
1.159
1.069
1.314
1.102
1.170
1.104
0.995
1.025
1.229
1.007
1.172
1.149
1.028
1.163
1.119
1.037
1.097
1.217
1.317
1.091
1.115
1.065
1.139
1.110
1.016
1.049
1.220
1.236
1.112
1.177
1.056
1.144
1.267
1.107
1.085
1.254
1.020
1.068
1.166
1.068
1.183
1.104
0.976
1.248
1.321
1.063
1.119
1.175
1.063
1.240
1.117
0.987
1.196
1.158
1.045
1.113
1.178
1.146
1.157
1.176
1.136
1.105
1.213
1.071
1.096
1.128
1.069
1.058
1.246
1.034
1.129
1.238
1.068
1.103
1.114
1.048
1.104
1.249
1.115
1.093
1.193
1.035
1.112
1.066
1.083
1.188
1.330
1.074
1.185
1.187
1.069
1.180
1.228
1.043
1.303
1.142
1.024
1.145
1.112
1.004
1.059
1.137
1.211
1.246
1.120
1.039
1.128
1.177
1.005
1.067
1.518
1.084
1.068
1.119
1.040
1.081
1.161
1.010
1.109
1.309
1.047
1.113
1.191
1.042
1.077
1.382
0.998
1.059
1.344
1.095
1.106
1.136
1.050
1.148
1.110
1.141
1.062
1.344
1.052
1.089
1.119
1.023
1.068
1.133
1.127
1.239
1.146
1.067
1.109
1.175
1.053
1.096
1.202
1.242
1.126
1.210
1.067
1.155
1.273
1.032
1.074
1.146
1.213
1.227
1.178
1.029
1.078
1.125
1.044
1.272
1.128
1.041
1.174
1.171
1.018
1.068
1.110
1.179
1.230
1.155
1.025
1.110
1.143
1.008
1.048
1.105
1.184
1.234
1.136
1.045
1.151
1.204
1.117
1.052
1.100
1.169
1.073
1.129
1.021
1.112
1.115
1.036
1.043
1.304
1.213
1.097
1.136
1.022
1.082
1.198
1.016
1.246
1.222
1.022
1.156
1.084
1.108
1.142
1.099
1.131
1.066
1.150
1.096
1.134
1.112
1.008
1.088
1.104
1.136
1.105
1.116
1.051
1.153
1.128
1.042
1.070
1.248
0.996
1.274
1.194
1.082
1.139
1.096
1.165
1.123
1.093
1.177
1.129
1.165
1.034
1.107
1.143
1.011
1.182
1.318
1.037
1.109
1.165
1.034
1.092
1.392
0.994
1.120
1.296
1.075
1.131
1.106
1.014
1.057
1.158
1.115
1.252
1.187
1.086
1.078
1.127
1.027
1.093
1.225
1.134
1.102
1.135
1.034
1.097
1.117
1.052
1.054
1.269
1.209
1.104
1.128
1.046
1.088
1.118
0.994
1.170
1.169
1.319
1.112
1.116
1.044
1.089
1.451
0.994
1.070
1.281
1.094
1.185
1.210
1.054
1.143
1.217
1.134
1.228
1.187
1.100
1.117
1.123
1.018
1.281
1.139
1.035
1.239
1.246
1.043
1.078
1.125
0.992
1.206
1.217
1.163
1.112
1.235
1.105
1.102
1.118
0.984
1.235
1.281
1.004
1.106
1.182
1.060
1.066
1.111
1.026
1.232
1.322
1.003
1.136
1.144
1.030
1.063
1.147
1.184
1.332
1.173
1.057
1.075
1.159
1.001
1.154
1.142
1.125
1.295
1.136
1.037
1.092
1.178
1.024
1.205
1.267
1.004
1.220
1.154
1.034
1.205
1.132
0.997
1.186
1.148
1.178
1.088
1.159
1.063
1.202
1.096
1.037
1.203
1.120
1.236
1.137
1.192
1.025
1.115
1.194
0.995
1.197
1.307
1.035
1.107
1.170
1.003
1.153
1.094
1.173
1.114
1.319
1.045
1.157
1.198
1.028
1.110
1.117
1.153
1.275
1.175
1.023
1.106
1.111
1.023
1.081
1.265
1.029
1.252
1.179
1.073
1.064
1.112
1.105
1.140
1.423
1.051
1.129
1.145
1.045
1.065
1.134
1.029
1.220
1.285
1.061
1.124
1.171
1.017
1.076
1.126
1.035
1.188
1.295
1.030
1.130
1.164
1.051
1.099
1.210
1.078
1.116
1.387
1.050
1.115
1.139
1.086
1.104
1.127
1.105
1.287
1.141
1.021
1.165
1.166
1.034
1.081
1.222
1.193
1.079
1.137
1.086
1.108
1.131
1.001
1.079
1.342
1.160
1.117
1.152
1.033
1.093
1.086
1.007
1.204
1.338
1.026
1.181
1.169
1.105
1.125
1.429
1.060
1.061
1.349
1.060
1.180
1.159
1.073
1.088
1.138
1.008
1.262
1.253
1.046
1.181
1.181
1.062
1.186
1.142
0.996
1.222
1.166
1.049
1.088
1.146
1.076
1.026
1.237
1.074
1.234
1.199
1.026
1.158
1.139
1.313
1.100
1.090
1.169
1.168
1.138
1.042
1.062
1.119
1.151
1.104
1.429
1.073
1.103
1.193
1.031
1.098
1.138
1.072
1.118
1.246
1.018
1.134
1.170
1.071
1.069
1.153
1.112
1.045
1.309
1.081
1.165
1.175
1.242
1.166
1.148
1.024
1.238
1.143
