1.624
1.368
1.196
1.420
1.465
1.287
1.265
1.866
1.308
1.185
1.486
1.323
1.247
1.455
1.351
1.276
1.305
1.573
1.252
1.249
1.505
1.366
1.319
1.573
1.326
1.355
1.292
1.318
1.383
1.174
1.789
1.246
1.238
1.429
1.386
1.233
1.356
1.430
1.215
1.262
1.617
1.198
1.288
1.863
1.201
1.217
1.598
1.316
1.215
1.560
1.191
1.212
1.421
1.348
1.260
1.257
1.767
1.214
1.247
1.500
1.394
1.274
1.320
1.318
1.291
1.321
1.317
1.279
1.225
1.999
1.274
1.199
1.317
1.371
1.194
1.174
1.792
1.139
1.224
1.372
1.294
1.220
1.309
1.499
1.279
1.262
1.489
1.356
1.358
1.312
1.307
1.299
1.237
1.746
1.316
1.183
1.450
1.355
1.221
1.299
1.482
1.255
1.277
1.562
1.153
1.207
1.395
1.279
1.188
1.353
1.365
1.219
1.439
1.300
1.257
1.274
1.515
1.349
1.268
1.169
1.477
1.316
1.211
1.560
1.281
1.195
1.262
1.595
1.205
1.208
1.516
1.306
1.244
1.558
1.184
1.196
1.319
1.547
1.172
1.283
1.749
1.224
1.253
1.494
1.273
1.306
1.162
1.554
1.286
1.254
1.563
1.269
1.206
1.411
1.381
1.194
1.383
1.399
1.178
1.299
1.577
1.169
1.229
1.461
1.274
1.247
1.335
1.542
1.254
1.310
1.481
1.347
1.325
1.197
1.525
1.358
1.187
1.482
1.389
1.211
1.481
1.469
1.201
1.347
1.409
1.238
1.225
1.839
1.253
1.196
1.453
1.278
1.270
1.245
1.389
1.210
1.320
1.798
1.150
1.333
1.666
1.227
1.308
1.359
1.409
1.290
1.175
1.828
1.254
1.213
1.551
1.424
1.202
1.216
1.756
1.188
1.182
1.442
1.361
1.256
1.325
1.498
1.242
1.313
1.378
1.316
1.302
1.298
1.320
1.277
1.214
1.751
1.274
1.167
1.414
1.435
1.215
1.254
1.650
1.202
1.221
1.819
1.222
1.263
1.585
1.258
1.243
1.413
1.364
1.185
1.266
1.765
1.219
1.274
1.320
1.406
1.311
1.209
1.505
1.336
1.208
1.499
1.532
1.225
1.387
1.403
1.202
1.190
1.797
1.216
1.273
1.412
1.310
1.248
1.276
1.486
1.208
1.343
1.551
1.281
1.297
1.339
1.304
1.310
1.215
1.596
1.336
1.196
1.566
1.396
1.259
1.571
1.507
1.238
1.247
1.645
1.217
1.224
1.511
1.339
1.195
1.329
1.415
1.263
1.317
1.660
1.390
1.354
1.297
1.330
1.315
1.220
1.582
1.305
1.300
1.455
1.366
1.240
1.428
1.482
1.271
1.238
1.542
1.162
1.241
1.476
1.278
1.255
1.494
1.358
1.231
1.417
1.403
1.209
1.269
1.819
1.314
1.284
1.320
1.300
1.330
1.186
1.526
1.358
1.285
1.520
1.395
1.202
1.279
1.548
1.238
1.373
1.806
1.306
1.262
1.405
1.452
1.272
1.308
1.513
1.207
1.348
1.697
1.286
1.312
1.432
1.425
1.312
1.164
1.530
1.246
1.238
1.601
1.394
1.190
1.421
1.400
1.204
1.372
1.440
1.276
1.198
1.662
1.231
1.207
1.444
1.309
1.251
1.247
1.531
1.320
1.310
1.522
1.322
1.335
1.208
1.520
1.273
1.231
1.661
1.253
1.190
1.551
1.388
1.174
1.306
1.497
1.280
1.348
1.625
1.181
1.262
1.550
1.256
1.194
1.465
1.310
1.256
1.308
1.492
1.202
1.340
1.713
1.218
1.338
1.337
1.446
1.305
1.207
1.566
1.411
1.234
1.178
1.631
1.227
1.257
1.595
1.304
1.247
1.288
1.484
1.273
1.285
1.668
1.225
1.269
1.340
1.383
1.281
1.228
1.890
1.297
1.200
1.472
1.537
1.163
1.175
1.739
1.240
1.207
1.668
1.370
1.257
1.370
1.339
1.209
1.248
1.493
1.275
1.380
1.448
1.322
1.432
1.161
1.664
1.328
1.227
1.481
1.396
1.257
1.225
1.632
1.267
1.248
1.549
1.291
1.232
1.295
1.743
1.215
1.284
1.556
1.307
1.310
1.310
1.334
1.301
1.240
1.776
1.299
1.198
1.391
1.401
1.199
1.228
1.709
1.260
1.247
1.440
1.344
1.230
1.597
1.353
1.297
1.314
1.644
1.257
1.356
1.300
1.302
1.275
1.186
1.574
1.288
1.219
1.504
1.387
1.220
1.185
1.863
1.187
1.303
1.386
1.263
1.189
1.500
1.374
1.273
1.365
1.441
1.183
1.315
1.346
1.320
1.312
1.176
1.767
1.302
1.215
1.648
1.292
1.187
1.256
1.483
1.189
1.209
1.576
1.311
1.266
1.710
1.316
1.185
1.290
1.760
1.251
1.299
1.256
1.263
1.357
1.301
1.495
1.246
1.193
1.381
1.250
1.281
1.218
1.595
1.187
1.299
1.649
1.151
1.235
1.346
1.425
1.228
1.248
1.763
1.221
1.245
1.425
1.303
1.275
1.163
1.502
1.317
1.198
1.339
1.351
1.212
1.319
1.387
1.271
1.199
1.622
1.157
1.250
1.400
1.295
1.220
1.388
1.567
1.202
1.305
1.296
1.238
1.327
1.199
1.589
1.346
1.191
1.627
1.416
1.191
1.417
1.474
1.186
1.210
1.585
1.198
1.231
1.458
1.331
1.194
1.340
1.283
1.222
1.328
1.714
1.246
1.305
1.395
1.309
1.282
1.250
1.446
1.312
1.273
1.451
1.301
1.202
1.448
1.422
1.200
1.195
1.587
1.199
1.180
1.401
1.206
1.210
1.250
1.528
1.260
1.255
1.513
1.395
1.250
1.279
1.413
1.325
1.315
1.346
1.380
1.187
1.484
1.487
1.216
1.405
1.406
1.167
1.199
1.621
1.158
1.180
1.572
1.273
1.233
1.400
1.301
1.213
1.283
1.675
1.223
1.274
1.297
1.355
1.338
1.159
1.575
1.303
1.196
1.427
1.440
1.164
1.195
1.582
1.257
1.258
1.559
1.277
1.248
1.308
1.522
1.324
1.308
1.532
1.346
1.325
1.279
1.377
1.278
1.214
1.565
1.271
1.230
1.594
1.264
1.191
1.219
1.556
1.195
1.244
1.846
1.177
1.189
1.663
1.334
1.183
1.375
1.384
1.208
1.347
1.525
1.302
1.252
1.157
1.472
1.384
1.199
1.413
1.413
1.230
1.203
1.595
1.248
1.264
1.649
1.277
1.198
1.390
1.274
1.271
1.219
1.700
1.214
1.296
1.366
1.349
1.259
1.212
1.555
1.328
1.238
1.294
1.410
1.217
1.410
1.456
1.180
1.192
1.845
1.234
1.169
1.493
1.212
1.217
1.264
1.542
1.215
1.361
1.386
1.332
1.336
1.223
1.779
1.297
1.210
1.338
1.401
1.209
1.240
1.800
1.194
1.273
1.349
1.294
1.221
1.291
1.483
1.190
1.344
1.482
1.283
1.304
1.321
1.377
1.345
1.200
1.434
1.285
1.196
1.307
1.418
1.186
1.212
1.677
1.299
1.218
1.368
1.314
1.221
1.250
1.453
1.247
1.295
1.334
1.351
1.286
1.209
1.668
1.393
1.192
1.309
1.460
1.224
1.207
1.621
1.317
1.242
1.480
1.361
1.224
1.328
1.500
1.273
1.286
1.314
1.334
1.328
1.273
1.483
1.302
1.164
1.512
1.376
1.190
1.344
1.522
1.198
1.393
1.489
1.227
1.227
1.554
1.303
1.252
1.258
1.518
1.301
1.334
1.590
1.356
1.304
1.195
1.766
1.299
1.190
1.383
1.322
1.231
1.180
1.615
1.253
1.266
1.529
1.240
1.233
1.419
1.390
1.253
1.369
1.374
1.232
1.285
1.317
1.339
1.309
1.176
1.798
1.291
1.168
1.421
1.449
1.208
1.178
1.715
1.245
1.240
1.552
1.213
1.225
1.397
1.376
1.218
1.279
1.373
1.373
1.304
1.187
1.476
1.361
1.259
1.441
1.465
1.198
1.276
1.473
1.249
1.367
1.392
1.258
1.255
1.402
1.360
1.250
1.413
1.310
1.197
1.268
1.696
1.248
1.272
1.379
1.332
1.316
1.182
1.526
1.276
1.207
1.532
1.482
1.220
1.351
1.586
1.245
1.254
1.411
1.297
1.282
1.323
1.450
1.252
1.257
1.377
1.360
1.361
1.192
1.575
1.357
1.255
1.433
1.366
1.244
1.354
1.460
1.232
1.369
1.512
1.197
1.230
1.556
1.302
1.171
1.379
1.560
1.169
1.305
1.461
1.353
