1.114
1.111
1.176
1.088
1.061
1.239
1.173
1.121
1.190
1.057
1.312
1.331
1.082
1.191
1.221
1.045
1.103
1.134
1.037
1.143
1.334
1.073
1.053
1.142
1.008
1.151
1.281
1.039
1.069
1.128
1.130
1.175
1.377
1.104
1.104
1.134
1.125
1.077
1.283
1.220
1.088
1.196
1.040
1.044
1.194
1.069
1.060
1.205
1.047
1.110
1.160
0.982
1.199
1.334
1.037
1.136
1.270
1.024
1.189
1.359
1.059
1.074
1.169
1.030
1.045
1.349
1.049
1.099
1.144
1.115
1.012
1.248
1.075
1.183
1.189
1.090
1.071
1.117
1.137
1.282
1.151
1.092
1.130
1.137
1.144
1.109
1.434
1.059
1.050
1.120
1.156
1.300
1.325
1.057
1.083
1.129
1.096
1.025
1.280
1.144
1.127
1.146
1.152
1.058
1.275
1.198
1.162
1.113
1.154
1.083
1.203
0.999
1.159
1.359
1.071
1.054
1.245
1.144
1.086
1.295
1.196
1.101
1.188
1.078
1.027
1.273
1.193
1.111
1.159
1.091
1.073
1.137
1.219
1.207
1.199
1.034
1.071
1.119
1.155
1.215
1.144
1.052
1.084
1.217
1.092
1.076
1.426
1.130
1.095
1.169
1.119
1.054
1.292
1.150
1.088
1.215
1.124
1.018
1.143
1.173
1.241
1.255
1.063
1.051
1.173
1.110
1.149
1.288
1.071
1.150
1.184
1.328
1.079
1.128
1.312
1.086
1.208
1.119
1.052
1.126
1.160
1.199
1.205
1.138
1.044
1.094
1.237
1.298
1.202
1.088
1.069
1.286
1.036
1.045
1.346
1.089
1.062
1.196
1.081
1.046
1.292
1.255
1.092
1.143
1.072
1.043
1.124
1.201
1.251
1.245
1.073
1.100
1.266
1.060
1.196
1.124
1.030
1.132
1.112
1.036
1.187
1.365
1.071
1.084
1.139
1.066
1.077
1.261
1.161
1.146
1.169
1.095
1.115
1.118
1.176
1.309
1.135
1.061
1.142
1.147
1.147
1.332
1.120
1.128
1.156
1.242
1.062
1.258
1.256
1.065
1.142
1.100
1.104
1.074
1.223
1.172
1.146
1.089
1.070
1.103
1.113
1.216
1.267
1.156
1.130
1.081
1.323
1.120
1.275
1.174
1.008
1.132
1.158
1.258
1.309
1.316
1.067
1.086
1.183
1.015
1.043
1.239
1.069
1.114
1.142
1.061
1.091
1.145
1.114
1.283
1.153
1.072
1.166
1.311
1.002
1.177
1.145
1.018
1.134
1.246
1.135
1.133
1.291
1.065
1.141
1.130
1.055
1.092
1.276
1.164
1.160
1.154
1.045
1.100
1.124
1.134
1.255
1.218
1.084
1.275
1.148
1.012
1.392
1.127
1.046
1.133
1.204
1.034
1.316
1.305
1.076
1.103
1.138
1.052
1.093
1.214
1.166
1.149
1.181
1.063
1.076
1.145
1.116
1.337
1.141
1.054
1.129
1.166
1.188
1.165
1.168
1.183
1.132
1.094
1.164
1.303
1.147
1.161
1.149
1.125
1.067
1.089
1.295
1.180
1.191
1.231
1.075
1.120
1.109
1.110
1.144
1.150
1.077
1.085
1.170
1.113
1.279
1.116
1.085
1.190
1.108
1.042
1.332
1.211
1.034
1.140
1.116
1.063
1.104
1.299
1.196
1.188
1.150
1.106
1.425
1.148
1.028
1.205
1.144
1.101
1.142
1.132
1.122
1.346
1.185
1.040
1.153
1.121
1.074
1.350
1.217
1.054
1.149
1.183
1.041
1.110
1.272
1.174
1.127
1.116
1.064
1.134
1.102
1.145
1.270
1.175
1.180
1.121
1.246
1.071
1.128
1.196
1.066
1.179
1.226
1.103
1.112
1.278
1.177
1.128
1.143
1.054
1.118
1.145
1.149
1.218
1.138
1.131
1.130
1.133
1.215
1.092
1.179
1.070
1.108
1.185
1.136
1.215
1.290
1.065
1.139
1.171
1.031
1.112
1.114
1.165
1.107
1.202
1.028
1.195
1.129
1.045
1.330
1.172
1.063
1.140
1.258
1.084
1.124
1.274
1.046
1.115
1.178
1.063
1.132
1.307
1.190
1.166
1.177
1.017
1.112
1.236
1.084
1.242
1.197
1.119
1.186
1.288
1.040
1.339
1.183
1.018
1.156
1.127
1.028
1.344
1.304
1.094
1.169
1.132
1.013
1.315
1.268
1.066
1.181
1.169
1.067
1.116
1.215
1.034
1.259
1.176
1.075
1.135
1.126
1.006
1.260
1.322
1.079
1.085
1.189
1.059
1.219
1.335
1.100
1.207
1.146
1.171
1.270
1.102
1.145
1.147
1.164
1.076
1.106
1.126
1.139
1.238
1.149
1.074
1.121
1.181
1.011
1.251
1.293
1.086
1.178
1.266
1.121
1.174
1.325
1.078
1.144
1.181
1.093
1.104
1.352
1.198
1.195
1.186
1.115
1.227
1.241
1.096
1.317
1.150
1.078
1.134
1.129
1.015
1.360
1.266
1.142
1.147
1.197
1.111
1.211
1.100
1.077
1.220
1.202
1.065
1.102
1.171
1.074
1.126
1.190
1.045
1.098
1.192
1.069
1.182
1.336
1.065
1.109
1.153
1.153
1.105
1.383
1.075
1.114
1.287
1.287
1.176
1.346
1.049
1.184
1.191
1.093
1.068
1.143
1.106
1.207
1.157
1.067
1.143
1.150
1.059
1.197
1.325
1.038
1.080
1.205
1.099
1.215
1.300
1.031
1.161
1.162
1.020
1.078
1.264
1.229
1.159
1.176
1.134
1.164
1.348
1.108
1.229
1.192
1.098
1.103
1.117
1.096
1.273
1.281
1.090
1.130
1.136
1.008
1.394
1.304
1.168
1.132
1.178
1.012
1.113
1.286
1.175
1.162
1.187
1.150
1.122
1.101
1.104
1.330
1.175
1.079
1.118
1.163
1.042
1.214
1.291
1.070
1.203
1.174
1.145
1.076
1.151
1.209
1.170
1.181
1.090
1.105
1.151
1.034
1.327
1.162
1.089
1.089
1.131
1.074
1.321
1.316
1.080
1.179
1.169
1.183
1.128
1.251
1.085
1.148
1.165
1.091
1.254
1.141
1.210
1.136
1.175
1.064
1.149
1.119
1.154
1.288
1.184
1.053
1.106
1.166
1.041
1.178
1.318
1.118
1.683
1.153
1.201
1.194
1.102
1.150
1.111
1.198
1.077
1.099
1.173
1.256
1.167
1.153
1.043
1.206
1.187
1.163
1.276
1.168
1.127
1.151
1.209
1.119
1.137
1.344
1.086
1.168
1.165
1.074
1.123
1.704
1.280
1.141
1.179
1.062
1.106
1.173
1.134
1.292
1.171
1.135
1.111
1.265
1.045
1.121
1.219
1.108
1.123
1.124
1.134
1.092
1.338
1.154
1.157
1.152
1.051
1.137
1.262
1.098
1.297
1.184
1.086
1.156
1.228
1.040
1.271
1.162
1.074
1.113
1.130
1.017
1.239
1.262
1.070
1.119
1.233
1.030
1.096
1.270
1.192
1.146
1.156
1.084
1.177
1.363
1.126
1.148
1.135
1.116
1.140
1.183
1.011
1.442
1.162
1.087
1.149
1.126
1.110
1.059
1.254
1.240
1.160
1.191
1.061
1.082
1.239
1.224
1.119
1.162
1.287
1.140
1.171
1.155
1.219
1.184
1.089
1.113
1.133
1.064
1.288
1.385
1.078
1.126
1.159
1.020
1.074
1.254
1.295
1.099
16.217
1.092
1.234
1.145
1.289
1.139
1.170
1.048
1.042
1.250
1.042
1.235
1.137
1.027
1.131
1.125
1.168
1.269
1.146
1.095
1.149
1.179
1.044
1.239
1.322
1.083
1.146
1.136
1.080
1.145
1.287
1.059
1.268
1.207
1.084
1.176
1.237
1.048
1.275
1.116
1.092
1.162
1.131
1.023
1.327
1.342
1.055
1.119
1.297
1.069
1.121
1.258
1.189
1.116
1.240
1.089
1.084
1.151
1.176
1.262
1.174
1.042
1.133
1.157
1.023
1.205
1.249
1.102
1.165
1.236
1.309
1.203
1.127
1.131
1.135
1.193
1.057
1.109
1.166
1.149
1.235
1.177
1.116
1.085
1.258
1.047
1.074
1.296
1.078
1.088
1.183
1.111
1.200
1.345
1.025
1.249
1.196
1.044
1.083
1.269
1.210
1.155
1.160
1.084
1.142
1.151
1.288
1.271
1.164
1.079
1.105
1.099
1.058
1.291
1.251
1.062
1.101
1.252
1.047
1.165
1.219
1.135
1.138
1.159
1.019
1.105
1.142
1.142
1.270
1.179
1.141
1.148
1.154
1.005
1.229
1.337
1.060
