3.108
3.090
3.180
3.308
3.151
3.089
3.251
3.117
3.104
3.286
3.138
3.461
3.187
3.101
3.256
3.115
3.105
3.121
3.164
3.161
3.084
3.139
3.186
3.066
3.120
3.062
3.195
3.152
3.062
3.086
3.143
3.174
3.077
3.125
3.118
3.075
3.123
3.057
3.144
3.170
3.296
3.192
3.165
3.135
3.110
3.162
3.122
3.223
3.102
3.059
3.214
3.185
3.085
3.060
3.146
3.078
3.107
3.209
3.129
3.137
3.181
3.097
3.172
3.134
3.100
3.076
3.283
3.115
3.137
3.142
3.120
3.081
3.136
3.076
3.272
3.186
3.125
3.156
3.122
3.256
3.123
3.153
3.069
3.177
3.162
3.131
3.128
3.245
3.161
3.107
3.140
3.252
3.110
3.154
3.135
3.076
3.133
3.129
3.131
3.246
3.071
3.140
3.161
3.102
3.117
3.206
3.083
3.099
3.165
3.088
3.089
3.148
3.119
3.235
3.124
3.089
3.174
3.273
3.099
3.126
3.179
3.249
3.088
3.131
3.068
3.204
3.167
3.058
3.194
3.110
3.153
3.095
3.192
3.119
3.121
3.141
3.160
3.100
3.138
3.252
3.082
3.182
3.066
3.225
3.128
3.138
3.130
3.243
3.153
3.095
3.133
3.105
3.074
3.131
3.131
3.074
3.213
3.109
3.181
3.118
3.219
3.080
3.160
3.096
3.132
3.284
3.086
3.144
3.201
3.057
3.159
3.174
3.101
3.106
3.161
3.106
3.121
3.131
3.064
3.153
3.144
3.124
3.084
3.213
3.107
3.136
3.144
3.106
3.123
3.102
3.111
3.199
3.172
3.073
3.156
3.157
3.283
3.219
3.165
3.119
3.094
3.197
3.178
3.110
3.114
3.157
3.132
3.182
3.065
3.104
3.273
3.114
3.095
3.176
3.118
3.124
3.188
3.085
3.194
3.194
3.080
3.165
3.125
3.231
3.158
3.175
3.085
3.150
3.173
3.137
3.196
3.262
3.151
3.211
3.167
3.041
3.256
3.132
3.104
3.121
3.135
3.253
3.138
3.170
3.093
3.209
3.117
3.084
3.225
3.243
3.093
3.171
3.179
3.289
3.088
3.190
3.153
3.082
3.131
3.226
3.125
3.135
3.052
3.128
3.154
3.072
3.185
3.294
3.058
3.179
3.176
3.155
3.209
3.118
3.150
3.099
3.113
3.211
3.105
3.140
3.084
3.163
3.094
3.117
3.119
3.178
3.077
3.134
3.343
3.127
3.195
3.280
3.090
3.142
3.299
3.102
3.091
3.141
3.147
3.046
3.264
3.161
3.081
3.156
3.073
3.101
3.178
3.243
3.126
3.217
3.076
3.125
3.170
3.199
3.173
3.150
3.122
3.091
3.234
3.124
3.130
3.159
3.134
3.233
3.142
3.188
3.204
3.155
3.094
3.141
3.185
3.076
3.211
3.157
3.120
3.088
3.163
3.138
3.139
3.119
3.110
3.399
3.180
3.065
3.101
3.301
3.064
3.130
3.176
3.069
3.208
3.144
3.071
3.140
3.169
3.081
3.203
3.232
3.055
3.176
3.197
3.077
3.121
3.149
3.128
3.263
3.104
3.156
3.170
3.251
3.122
3.123
3.189
3.188
3.134
3.143
3.072
3.117
3.254
3.087
3.120
3.151
3.068
3.163
3.235
3.118
3.158
3.554
3.190
3.113
3.195
3.134
3.066
3.089
3.206
3.219
3.118
3.086
3.104
3.182
3.123
3.107
3.136
3.133
3.079
3.129
3.178
3.200
3.123
3.265
3.078
3.114
3.156
3.249
3.094
3.191
3.081
3.126
3.289
3.097
3.121
3.375
3.151
3.202
3.253
3.170
3.078
3.273
3.103
3.116
3.165
3.240
3.141
3.169
3.119
3.107
3.266
3.132
3.114
3.173
3.114
3.140
3.356
3.292
3.113
3.139
3.075
3.162
3.152
3.093
3.182
3.260
3.196
3.130
3.111
3.136
3.170
3.207
3.183
3.218
3.145
3.090
3.140
3.134
3.162
3.208
3.192
3.093
3.136
3.117
3.185
3.087
3.192
3.113
3.160
3.241
3.194
3.164
3.224
3.075
3.100
3.134
3.128
3.096
3.147
3.219
3.076
3.170
3.075
3.117
3.188
3.108
3.106
3.153
3.083
3.200
3.141
3.137
3.238
3.147
3.102
3.124
3.120
3.199
3.090
3.160
3.096
3.115
3.330
3.121
3.094
3.163
3.120
3.127
3.129
3.137
3.278
3.271
3.130
3.132
3.124
3.078
3.129
3.258
3.114
3.162
3.109
3.073
3.153
3.153
3.134
3.128
3.133
3.113
3.148
3.189
3.256
3.112
3.141
3.077
3.086
3.184
3.214
3.130
3.159
3.121
3.100
3.206
3.076
3.129
3.145
3.105
3.111
3.129
3.089
3.170
3.159
3.090
3.170
3.188
3.095
3.113
3.164
3.149
3.120
3.132
3.052
3.132
3.155
3.115
3.154
3.183
3.122
3.128
3.137
3.167
3.128
3.154
3.119
3.186
3.127
3.201
3.254
3.321
3.093
3.094
3.267
3.151
3.115
3.133
3.107
3.097
3.166
3.119
3.125
3.155
3.099
3.144
3.158
3.111
3.225
3.154
3.124
3.137
3.120
3.103
3.141
3.193
3.108
3.104
3.139
3.101
3.112
3.240
3.139
3.371
3.199
3.117
3.089
3.274
3.136
3.116
3.140
3.072
3.103
3.193
3.143
3.187
3.118
3.167
3.119
3.245
3.253
3.123
3.223
3.113
3.109
3.254
3.131
3.146
3.139
3.105
3.130
3.186
3.152
3.157
3.171
3.092
3.082
3.210
3.106
3.204
3.206
3.176
3.154
3.221
3.098
3.177
3.219
3.146
3.186
3.125
3.166
3.146
3.190
3.089
3.149
3.157
3.145
3.145
3.235
3.165
3.145
3.194
3.108
3.216
3.163
3.094
3.130
3.182
3.131
3.261
3.213
3.127
3.082
3.233
3.121
3.106
3.152
3.289
3.199
3.248
3.156
3.193
3.223
3.243
3.121
3.252
3.134
3.116
3.250
3.093
3.137
3.108
3.106
3.112
3.180
3.102
3.289
3.142
3.129
3.161
3.162
3.048
3.206
3.292
3.174
3.095
3.176
3.113
3.151
3.130
3.090
3.121
3.124
3.159
3.109
3.242
3.126
3.112
3.136
3.206
3.165
3.133
3.096
3.102
3.210
3.090
3.087
3.145
3.063
3.081
3.219
3.078
3.089
3.196
3.105
3.203
3.120
3.108
3.097
3.256
3.106
3.096
3.179
3.140
3.119
3.100
3.082
3.107
3.142
3.087
3.102
3.174
3.069
3.091
3.128
3.075
3.205
3.068
3.163
3.114
3.163
3.212
3.110
3.132
3.074
3.200
3.233
3.149
3.118
3.118
3.114
3.338
3.123
3.128
3.145
3.144
3.086
3.094
3.168
3.278
3.106
3.250
3.144
3.128
3.128
3.130
3.157
3.127
3.134
3.071
3.196
3.110
3.064
3.139
3.125
3.346
3.099
3.181
3.076
3.234
3.137
3.134
3.133
3.077
3.073
3.133
3.111
3.104
3.144
3.210
3.105
3.170
3.060
3.108
3.225
3.066
3.113
3.187
3.136
3.131
3.131
3.122
3.118
3.078
3.111
3.134
3.119
3.077
3.081
3.161
3.140
3.144
3.109
3.238
3.107
3.116
3.207
3.194
3.210
3.097
3.098
3.137
3.085
3.114
3.132
3.205
3.090
3.103
3.097
3.147
3.143
3.120
3.168
3.184
3.095
3.130
3.165
3.408
3.177
3.141
3.104
3.111
3.189
3.126
3.111
3.151
3.058
3.080
3.185
3.106
3.141
3.188
3.113
3.114
3.208
3.103
3.091
3.159
3.085
3.132
3.094
3.175
3.080
3.134
3.110
3.181
3.093
3.116
3.157
3.095
3.178
3.097
3.335
3.101
3.178
3.121
3.113
3.118
3.100
3.070
3.166
3.135
3.093
3.089
3.220
3.117
3.101
3.110
3.127
3.112
3.127
3.123
3.142
3.085
3.164
3.160
3.103
3.096
3.066
3.241
3.128
3.119
3.099
3.096
3.092
3.163
3.059
3.089
3.284
3.128
3.111
3.088
3.173
3.128
3.166
3.077
3.128
3.176
3.110
3.102
3.128
3.100
3.106
3.128
3.185
3.154
3.254
3.099
3.109
3.193
3.068
3.082
3.179
3.096
3.113
3.204
3.092
3.104
3.124
3.072
3.157
3.111
3.107
3.102
3.133
3.165
3.158
3.177
3.083
3.091
3.160
3.103
3.216
3.244
3.108
3.157
3.105
3.122
3.178
3.162
3.116
3.145
3.271
3.062
3.118
3.196
3.163
3.107
