2.188
1.916
1.804
1.854
3.217
1.818
2.062
1.891
1.817
2.072
1.874
1.880
2.264
1.768
1.887
3.360
1.829
1.904
2.040
1.834
2.115
1.846
1.772
3.153
1.970
1.809
1.905
1.808
1.826
1.957
1.895
3.128
1.874
1.816
3.131
1.890
1.877
2.168
1.845
1.954
1.961
1.906
2.173
1.810
1.844
3.300
1.742
1.804
2.056
1.764
1.897
2.052
1.779
3.190
1.869
1.735
2.189
1.895
1.875
1.799
1.857
2.083
1.882
1.971
3.141
1.854
1.802
2.347
1.821
1.864
1.878
1.911
2.051
1.892
1.786
3.403
1.837
1.908
2.088
1.864
2.062
1.908
1.825
3.176
1.962
1.770
2.137
1.895
1.893
1.890
1.896
2.102
1.928
1.880
3.166
1.803
1.837
2.281
1.829
2.007
1.882
1.851
2.012
1.898
1.773
2.300
1.747
1.915
2.048
1.756
2.114
1.944
1.904
3.226
1.947
1.784
2.180
1.978
3.157
1.799
1.869
2.204
1.925
3.210
1.895
1.901
1.940
2.005
1.935
2.084
1.901
1.873
3.253
1.882
1.706
2.303
1.716
1.917
2.033
1.853
3.188
1.849
1.759
3.178
1.943
1.881
1.981
1.916
1.875
1.959
1.871
3.122
1.780
1.887
3.206
1.830
1.945
1.987
1.877
1.970
1.937
1.848
3.200
1.832
1.861
2.138
1.749
2.138
2.085
1.718
3.133
2.007
1.731
2.146
1.887
1.813
1.838
1.851
2.117
1.802
1.890
3.108
1.865
1.902
2.086
1.778
1.996
1.882
1.849
2.219
1.877
1.958
1.982
1.852
1.935
2.154
1.862
3.154
1.918
1.763
2.196
1.876
1.870
2.012
1.915
1.885
1.990
1.856
3.138
1.813
1.865
2.170
1.783
2.029
1.933
1.868
2.095
1.722
1.874
3.182
1.822
1.934
2.146
1.854
3.148
2.063
1.868
3.216
1.913
1.958
1.944
2.037
1.872
2.029
3.253
1.823
1.850
1.961
2.121
1.943
2.076
2.000
1.876
2.269
1.990
1.750
3.228
1.815
2.021
2.031
1.875
3.163
1.930
1.923
1.842
2.030
1.803
1.987
1.954
1.892
2.048
1.842
3.172
1.880
1.840
2.132
1.784
1.946
1.882
1.799
2.120
1.752
1.823
3.203
1.808
1.846
2.179
1.860
2.092
1.868
1.753
3.176
1.891
1.892
2.127
1.895
1.916
1.965
1.950
2.209
1.828
1.767
2.162
1.861
1.905
1.903
1.795
2.042
1.884
1.758
3.242
1.834
1.972
2.036
1.813
1.934
2.053
1.780
3.190
2.002
1.987
1.882
1.945
3.190
1.929
1.826
3.120
1.831
1.818
2.080
1.758
1.993
1.897
1.827
3.275
1.767
1.808
2.216
1.774
1.846
2.007
1.839
2.129
2.061
1.801
2.169
2.010
1.831
1.891
1.811
3.098
1.798
1.886
2.205
1.759
1.953
1.885
1.908
2.158
1.770
1.794
2.214
1.791
1.950
2.016
1.763
1.966
2.170
1.829
3.185
1.983
1.673
2.141
1.887
1.832
1.941
1.887
3.137
1.799
1.960
1.878
1.791
2.223
1.887
1.732
3.215
1.798
1.949
2.101
1.833
2.068
1.883
1.785
3.144
1.979
1.763
2.212
1.898
1.823
1.949
1.885
3.143
1.807
1.842
2.140
1.857
1.975
1.918
1.786
3.245
1.824
1.925
2.168
1.759
1.948
2.034
1.762
3.135
1.830
1.914
1.977
1.938
1.998
1.904
1.958
3.137
1.859
1.969
1.963
1.802
2.026
1.846
1.758
3.187
1.781
1.891
2.073
1.789
2.075
1.862
1.807
3.207
1.964
1.878
1.871
1.847
1.883
1.934
1.897
3.144
1.829
1.809
2.017
1.839
1.977
2.118
1.831
3.267
1.770
1.720
2.275
1.799
1.879
2.165
1.761
3.272
1.834
1.851
1.932
1.947
2.094
1.829
1.918
3.084
1.788
2.014
2.147
1.883
1.984
1.976
1.746
3.203
1.831
1.738
3.351
1.768
1.941
1.968
1.709
2.150
1.876
1.804
2.091
1.949
1.889
1.862
1.897
3.146
2.082
1.779
2.108
1.786
1.951
1.926
1.809
2.101
1.847
1.721
2.225
1.824
1.841
2.127
1.794
2.011
1.920
1.755
3.132
1.857
1.883
1.896
1.862
1.888
1.898
1.777
2.051
1.900
1.961
1.941
1.799
3.182
1.764
1.851
2.176
1.754
1.910
2.032
1.728
3.146
1.916
1.748
2.105
1.889
1.813
1.909
1.904
2.068
1.851
1.818
2.176
1.865
1.920
1.895
1.852
3.216
1.848
1.852
2.065
1.805
1.949
1.997
1.696
3.193
1.847
1.854
2.099
1.907
1.974
1.898
1.872
3.124
1.907
1.832
2.010
1.899
1.884
1.926
1.767
2.146
1.772
1.768
3.208
1.786
1.920
2.018
1.730
3.135
1.942
1.756
2.153
1.895
1.832
1.867
1.816
1.928
1.928
1.832
3.141
1.743
1.999
1.914
1.914
1.995
1.995
1.859
3.220
1.820
1.749
2.239
1.869
1.856
2.077
1.800
3.147
1.842
1.898
1.958
1.977
2.142
1.805
1.876
3.120
1.749
1.831
2.074
1.842
1.977
1.899
1.858
3.199
1.811
1.895
1.888
1.804
1.959
2.021
1.739
2.151
1.852
1.753
2.147
1.917
1.803
1.820
1.863
3.125
1.779
1.860
1.975
1.852
1.910
1.904
1.779
2.237
1.757
1.757
3.174
1.779
1.873
2.149
1.728
2.082
1.820
1.796
3.153
1.979
1.729
1.952
1.909
1.875
1.924
1.891
2.056
1.991
1.938
1.784
1.863
3.279
1.841
1.759
3.303
1.731
1.916
2.123
1.727
1.877
2.034
1.728
3.191
1.918
1.899
1.968
1.911
1.874
1.828
1.906
3.108
1.801
1.725
2.072
1.860
2.182
1.736
1.723
2.300
1.800
1.845
2.153
1.728
1.925
2.090
1.694
3.184
1.909
1.725
2.191
1.784
1.968
1.925
1.839
3.174
1.807
1.755
2.068
1.795
1.951
1.924
1.782
3.227
1.827
1.959
2.048
1.789
1.863
2.114
1.786
3.088
1.918
1.624
2.029
1.874
1.795
1.930
1.873
2.055
1.716
1.809
2.098
1.835
1.963
1.867
1.724
2.082
1.901
1.721
3.237
1.835
1.732
2.234
1.739
1.930
2.038
1.783
3.196
1.942
1.818
1.949
1.888
2.011
1.849
1.781
3.093
1.897
1.910
1.858
1.751
2.024
1.924
1.754
3.194
1.768
1.782
2.193
1.800
1.856
1.975
1.859
3.144
1.888
1.822
2.040
1.854
1.906
1.859
1.864
3.130
1.836
1.792
2.059
1.704
1.904
1.923
1.851
2.176
1.852
1.725
2.192
1.702
1.900
2.060
1.706
2.113
1.855
1.728
3.115
1.847
1.778
1.985
2.016
1.816
1.973
1.953
2.047
1.727
1.878
1.917
1.833
2.168
1.758
1.776
3.234
1.860
1.727
2.196
1.846
1.826
2.094
1.790
3.153
1.877
1.742
2.236
1.934
1.810
1.967
1.785
3.129
1.818
1.825
2.032
1.763
2.107
1.808
1.719
3.183
1.806
1.879
2.119
1.729
1.875
1.971
1.777
3.162
1.900
1.754
3.170
1.878
1.886
1.829
1.847
3.105
1.725
1.832
2.067
1.823
1.891
1.842
1.845
2.196
1.827
1.818
2.121
1.773
1.853
2.029
1.800
3.193
1.858
1.698
2.174
1.882
1.792
1.960
1.825
1.846
1.838
1.814
3.130
1.869
1.871
1.910
1.778
1.991
1.921
1.810
3.296
1.755
1.950
2.028
1.757
3.125
1.802
1.702
2.120
1.842
1.747
1.885
1.813
1.850
1.966
1.835
2.053
1.766
1.811
3.055
1.815
1.921
1.849
1.799
1.943
1.916
1.670
3.179
1.759
1.668
2.146
1.743
1.964
2.077
1.667
3.094
1.782
1.823
1.868
1.975
1.831
1.885
1.840
3.072
1.763
1.851
3.079
1.735
1.747
2.016
1.756
1.958
1.811
1.790
3.222
1.798
1.888
2.040
1.750
1.823
1.985
1.724
2.138
1.846
1.808
3.149
1.937
1.811
1.927
2.041
3.109
1.810
1.877
3.151
1.910
1.839
2.173
1.743
1.932
1.902
1.725
3.201
1.820
1.908
3.248
1.859
1.822
2.230
1.762
2.074
1.812
1.673
3.160
1.943
1.819
1.974
1.787
2.098
1.801
1.846
3.097
1.811
1.812
2.140
1.804
1.989
