5.579
4.269
5.392
3.935
3.776
5.537
3.434
3.699
5.361
3.549
3.245
4.132
5.350
3.420
3.521
3.687
4.013
4.051
3.328
3.740
3.921
3.762
3.442
3.742
3.213
3.527
3.449
3.313
3.282
3.844
3.407
3.157
3.611
3.573
3.441
3.463
3.146
3.242
5.233
3.236
3.207
3.384
3.516
3.286
3.659
5.302
3.401
3.496
3.168
3.202
3.433
3.183
3.629
3.915
4.164
3.794
3.650
4.338
3.997
4.462
3.644
3.392
4.468
3.510
3.915
3.883
3.129
3.129
3.229
3.348
3.280
3.299
3.194
3.247
3.311
3.179
3.214
3.370
3.316
3.257
3.550
3.102
3.183
3.443
3.166
3.242
3.325
3.314
3.180
3.482
3.320
3.285
3.335
3.166
3.340
3.314
3.383
3.146
3.220
3.203
3.326
3.509
3.334
3.620
3.957
3.212
3.638
3.846
3.451
3.811
3.860
3.757
3.917
4.137
3.962
3.887
4.418
4.054
3.728
3.326
3.107
3.216
3.515
3.142
3.135
3.434
3.212
3.333
3.436
3.378
3.426
3.181
3.218
3.587
3.393
3.160
3.173
3.262
3.158
3.177
3.149
3.275
3.289
3.434
3.252
3.231
3.238
3.166
3.119
3.292
3.314
3.344
3.462
3.491
3.736
3.474
3.194
3.877
4.013
3.380
3.297
3.639
3.213
3.133
4.007
3.280
3.974
4.349
3.989
3.931
4.268
3.899
3.245
3.118
3.132
3.401
3.247
3.214
3.425
3.214
3.228
3.164
3.211
3.400
3.185
3.151
3.161
3.237
3.402
3.088
3.267
3.268
3.312
3.262
3.289
3.088
3.085
3.265
3.101
3.132
3.212
3.228
3.210
3.324
3.267
3.604
3.178
3.471
3.108
3.280
3.339
3.520
3.129
3.630
3.334
3.499
3.543
3.307
3.438
3.366
3.819
4.267
3.563
4.033
4.414
3.284
3.424
3.148
3.152
3.357
3.266
3.261
3.265
3.348
3.202
3.357
3.260
3.309
3.199
3.274
3.171
3.171
3.170
3.212
3.197
3.242
3.400
3.119
3.149
3.171
3.167
3.277
3.348
3.221
3.167
3.139
3.310
3.338
3.233
3.445
3.349
3.248
3.314
3.546
3.645
3.300
3.302
3.468
3.532
4.019
3.629
3.725
3.929
3.285
3.331
3.607
4.092
4.662
4.447
3.205
3.171
3.238
3.369
3.379
3.308
3.308
3.217
3.204
3.300
3.200
3.200
3.344
3.157
3.265
3.273
3.305
3.327
3.220
3.159
3.130
3.161
3.290
3.276
3.145
3.111
3.143
3.185
3.288
3.360
3.450
3.307
3.305
3.365
3.365
3.282
3.256
3.193
3.361
3.300
3.357
3.525
3.128
3.477
3.401
3.203
3.536
3.817
4.072
3.948
3.970
5.137
5.143
3.574
3.245
3.205
3.394
3.301
3.284
3.328
3.298
3.227
3.163
3.206
3.190
3.358
3.096
3.240
3.266
3.334
3.263
3.362
3.265
3.216
3.221
3.289
3.301
3.318
3.249
3.353
3.225
3.306
3.323
3.138
3.320
3.191
3.158
3.280
3.144
3.291
3.225
3.339
3.324
3.698
3.395
3.200
3.307
3.549
3.689
3.762
3.798
3.535
3.173
3.285
4.248
3.745
3.580
3.153
3.119
3.188
3.295
3.179
3.257
3.376
3.407
3.329
3.164
3.172
3.298
3.221
3.177
3.242
3.251
3.424
3.137
3.325
3.129
3.325
3.252
3.114
3.172
3.223
3.215
3.307
3.356
3.346
3.314
3.313
3.341
3.324
3.417
3.399
3.262
3.247
3.187
3.221
3.378
3.409
3.494
3.099
3.155
3.312
3.607
3.389
3.538
3.865
4.063
3.427
3.872
3.865
3.711
3.180
3.216
3.290
3.212
3.145
3.371
3.133
3.161
3.219
3.241
3.236
3.321
3.355
3.264
3.356
3.489
3.325
3.216
3.260
3.171
3.276
3.320
3.297
3.332
3.295
3.268
3.280
3.175
3.397
3.413
3.182
3.232
3.470
3.257
3.189
3.267
3.155
3.152
3.350
3.248
3.196
3.254
3.250
3.493
3.205
3.645
3.476
3.683
3.936
3.684
3.495
3.743
3.845
3.721
3.149
3.202
3.391
3.169
3.191
3.325
3.169
3.134
3.146
3.160
3.230
3.318
3.196
3.227
3.144
3.298
3.276
3.323
3.336
3.146
3.289
3.338
3.320
3.292
3.287
3.078
3.079
3.119
3.117
3.277
3.315
3.182
3.361
3.338
3.474
3.355
3.345
3.119
3.237
3.344
3.125
3.276
3.304
3.074
3.110
3.230
3.561
3.427
3.323
3.281
3.480
3.952
3.612
3.804
3.716
3.135
3.235
3.255
3.104
3.277
3.348
3.121
3.128
3.181
3.258
3.408
3.341
3.171
3.117
3.251
3.277
3.312
3.253
3.179
3.200
3.328
3.111
3.345
3.231
3.133
3.243
3.373
3.262
3.320
3.336
3.336
3.448
3.272
3.424
3.213
3.317
3.326
3.161
3.137
3.227
3.176
3.148
3.066
3.306
3.250
3.094
3.476
3.423
3.683
3.760
3.390
3.633
3.629
3.657
3.130
3.151
3.145
3.271
3.261
3.084
3.194
3.163
3.332
3.231
3.325
3.219
3.245
3.214
3.277
3.358
3.254
3.248
3.108
3.247
3.334
3.098
3.102
3.251
3.221
3.352
3.215
3.474
3.197
3.346
3.331
3.398
3.135
3.194
3.281
3.116
3.191
3.205
3.181
3.340
3.282
3.233
3.228
3.319
3.202
3.197
3.162
3.205
3.114
3.402
3.399
3.373
3.881
3.730
3.757
3.811
3.230
3.328
3.313
3.153
3.172
3.337
3.301
3.151
3.157
3.197
3.251
3.092
3.097
3.277
3.328
3.214
3.233
3.364
3.321
3.573
3.581
3.713
3.189
3.298
3.199
3.450
3.146
3.084
3.096
3.405
3.203
3.307
3.303
3.604
3.789
3.454
3.403
3.471
3.320
3.276
3.412
3.217
3.120
3.628
3.428
4.027
3.917
4.188
3.742
3.606
3.816
3.704
4.026
3.146
3.288
3.338
3.118
3.130
3.440
3.341
3.385
3.307
3.339
3.336
3.305
3.185
3.230
3.204
3.069
3.337
3.160
3.112
3.159
3.061
3.254
3.300
3.276
3.299
3.247
3.127
3.153
3.193
3.300
3.081
3.315
3.081
3.271
3.290
3.275
3.334
3.293
3.338
3.432
3.523
3.462
3.250
3.342
3.128
3.384
3.155
3.357
3.802
4.074
4.223
4.791
5.131
3.532
3.208
3.241
3.250
3.222
3.238
3.327
3.094
3.142
3.104
3.207
3.197
3.245
3.208
3.292
3.392
3.248
3.333
3.163
3.144
3.316
3.244
3.153
3.150
3.633
3.331
3.376
3.432
3.394
3.284
3.338
3.292
3.329
3.289
3.250
3.212
3.384
3.997
3.781
3.882
3.538
3.504
3.769
3.589
3.543
3.427
3.145
3.373
3.186
3.301
3.947
4.169
4.239
4.089
3.298
3.259
3.205
3.283
3.343
3.185
3.234
3.337
3.182
3.155
3.172
3.238
3.230
3.297
3.311
3.277
3.297
3.173
3.232
3.367
3.145
3.093
3.284
3.139
3.233
3.278
3.292
3.394
3.199
3.255
3.286
3.259
3.277
3.182
3.120
3.329
3.125
3.104
3.308
3.585
3.596
3.938
4.058
3.750
3.549
3.324
3.454
3.265
3.463
3.809
3.946
4.509
4.288
3.703
3.334
3.338
3.275
3.316
3.286
3.315
3.100
3.093
3.156
3.182
3.328
3.421
3.194
3.324
3.310
3.194
3.320
3.154
3.085
3.250
3.298
3.351
3.317
3.640
3.602
3.300
3.523
3.561
3.521
3.686
3.537
3.746
3.414
3.102
3.122
3.547
3.287
3.310
3.858
3.755
3.681
3.571
3.586
3.336
3.122
3.470
3.531
3.486
4.048
4.380
4.176
5.339
3.360
3.162
3.230
3.165
3.431
3.134
3.166
3.311
3.456
3.364
3.308
3.415
3.383
3.315
3.152
3.097
3.355
3.134
3.188
3.175
3.354
3.222
3.106
3.281
3.174
3.362
3.152
3.228
3.114
3.309
3.133
3.600
3.367
3.364
3.404
3.313
3.290
3.309
3.319
3.240
3.390
3.275
3.298
3.430
3.661
4.217
3.345
4.121
3.672
3.655
3.350
3.460
3.856
3.562
3.248
3.400
3.387
3.448
3.499
3.253
3.520
3.394
3.125
3.239
3.109
3.115
3.605
3.270
3.204
3.837
3.422
3.336
3.275
3.155
3.252
