1.330
1.387
1.978
1.270
1.287
1.877
1.304
1.267
1.940
1.348
1.264
1.844
1.353
1.197
1.846
1.234
1.228
1.832
1.293
1.225
1.912
1.502
1.239
1.931
1.265
1.281
1.862
1.311
1.220
1.632
1.358
1.279
1.606
1.362
1.260
1.739
1.400
1.252
1.638
1.492
1.263
1.970
1.308
1.300
1.979
1.258
1.260
1.972
1.252
1.227
1.922
1.256
1.257
2.077
1.346
1.280
1.590
1.249
1.254
1.608
1.280
1.195
1.803
1.258
1.204
1.619
1.257
1.243
1.894
1.247
1.254
1.855
1.289
1.189
1.808
1.289
1.200
1.714
1.401
1.293
1.593
1.340
1.275
1.930
1.217
1.263
2.018
1.321
1.249
1.936
1.265
1.233
1.890
1.262
1.284
1.916
1.291
1.249
1.684
1.254
1.204
1.939
1.313
1.292
1.619
1.243
1.262
1.879
1.262
1.201
1.930
1.275
1.229
1.879
1.290
1.207
1.669
1.473
1.215
1.575
1.448
1.224
1.611
1.448
1.274
1.924
1.275
1.241
1.887
1.225
1.194
1.863
1.340
1.234
1.819
1.273
1.190
1.879
1.341
1.248
1.838
1.266
1.200
1.912
1.356
1.334
1.567
1.245
1.285
1.968
1.255
1.272
1.808
1.253
1.244
1.875
1.264
1.208
1.684
1.384
1.261
1.597
1.378
1.255
1.608
1.417
1.228
1.947
1.302
1.261
1.860
1.274
1.287
1.889
1.326
1.285
1.854
1.281
1.256
1.831
1.281
1.248
1.644
1.280
1.198
1.635
1.408
1.266
1.571
1.314
1.252
1.594
1.286
1.344
1.754
1.319
1.222
1.935
1.279
1.265
1.849
1.290
1.217
1.968
1.278
1.224
1.878
1.289
1.245
1.562
1.307
1.260
1.618
1.304
1.214
1.619
1.281
1.302
1.750
1.282
1.228
1.640
1.291
1.196
1.619
1.245
1.214
1.576
1.307
1.326
1.423
1.303
1.270
1.713
1.308
1.284
1.569
1.309
1.221
1.928
1.329
1.246
1.946
1.303
1.231
1.903
1.354
1.228
1.813
1.290
1.283
1.575
1.318
1.476
1.418
1.254
1.476
1.360
1.245
1.480
1.449
1.226
1.614
1.392
1.297
1.634
1.338
1.324
1.641
1.349
1.327
1.917
1.261
1.296
1.784
1.299
1.270
1.808
1.319
1.247
1.674
1.417
1.281
1.582
1.413
1.241
1.538
1.387
1.299
1.532
1.397
1.266
1.803
1.342
1.332
1.891
1.333
1.281
1.598
1.261
1.283
1.767
1.310
1.277
1.796
1.241
1.292
1.580
1.273
1.251
1.591
1.281
1.375
2.052
1.321
1.415
1.386
1.300
1.401
1.444
1.258
1.236
1.526
1.259
1.269
1.519
1.315
1.282
1.590
1.262
1.294
1.608
1.297
1.266
1.752
1.268
1.426
1.337
1.265
1.488
1.431
1.296
1.521
1.386
1.263
1.661
1.381
1.223
1.836
1.303
1.247
1.944
1.244
1.296
1.645
1.332
1.273
1.545
1.245
1.267
1.573
1.315
1.297
1.804
1.190
1.250
1.900
1.284
1.291
1.891
1.209
1.281
1.935
1.271
1.288
2.003
1.247
1.270
1.470
1.292
1.502
1.339
1.252
1.603
1.427
1.283
1.661
1.367
1.262
1.753
1.424
1.292
1.944
1.334
1.267
1.557
1.288
1.258
1.564
1.275
1.374
1.457
1.279
1.261
1.574
1.265
1.238
1.573
1.313
1.297
1.619
1.324
1.293
1.649
1.398
1.230
1.663
1.297
1.269
1.583
1.262
1.371
1.336
1.279
1.509
1.279
1.292
1.693
1.417
1.274
1.906
1.304
1.302
1.727
1.287
1.304
1.551
1.249
1.328
1.653
1.308
1.234
1.503
1.269
1.316
1.577
1.337
1.309
1.562
1.288
1.289
1.587
1.323
1.323
1.567
1.249
1.361
1.854
1.319
1.242
1.626
1.343
1.308
1.435
1.300
1.486
1.372
1.313
1.634
1.381
1.284
1.889
1.220
1.248
1.972
1.225
1.260
1.537
1.271
1.446
1.398
1.259
1.552
1.330
1.256
1.685
1.339
1.251
1.882
1.252
1.216
1.840
1.308
1.224
1.856
1.341
1.227
2.154
1.553
1.284
2.003
1.252
1.247
1.673
1.317
1.399
1.389
1.279
1.446
1.433
1.281
1.508
1.494
1.272
1.698
1.330
1.271
1.781
1.303
1.289
1.887
1.337
1.268
1.985
1.249
1.314
1.640
1.235
1.269
1.624
1.268
1.243
1.863
1.273
1.222
1.862
1.259
1.276
1.922
1.252
1.327
1.756
1.313
1.269
1.717
1.259
1.513
1.414
1.272
1.648
1.429
1.232
1.881
1.254
1.255
1.958
1.252
1.267
1.785
1.240
1.252
1.559
1.221
1.293
1.749
1.280
1.235
1.467
1.253
1.460
1.422
1.291
1.415
1.408
1.229
1.493
1.491
1.237
1.550
1.508
1.256
1.585
1.343
1.212
1.658
1.404
1.256
1.796
1.360
1.248
1.591
1.293
1.203
1.599
1.268
1.238
1.606
1.292
1.310
1.398
1.309
1.617
1.335
1.297
1.845
1.315
1.317
1.763
1.423
1.284
1.961
1.273
1.223
1.949
1.305
1.235
1.798
1.321
1.252
1.948
1.297
1.265
1.862
1.307
1.260
1.821
1.288
1.298
1.774
1.231
1.364
1.457
1.263
1.622
1.388
1.239
1.581
1.308
1.297
1.889
1.247
1.281
1.605
1.283
1.349
1.454
1.233
1.472
1.454
1.275
1.504
1.397
1.198
1.728
1.366
1.261
1.722
1.387
1.263
1.926
1.277
1.212
1.889
1.256
1.299
1.883
1.297
1.261
1.872
1.332
1.245
1.907
1.332
1.321
1.378
1.228
1.499
1.411
1.230
1.709
1.401
1.291
1.853
1.308
1.266
1.834
1.268
1.250
1.557
1.247
1.336
1.470
1.258
1.565
1.308
1.292
1.640
1.357
1.279
1.552
1.328
1.267
1.607
1.354
1.279
1.686
1.376
1.278
1.909
1.249
1.338
1.846
1.264
1.279
1.684
1.283
1.523
1.367
1.207
1.598
1.420
1.253
1.712
1.427
1.236
1.870
1.238
1.313
1.579
1.246
1.500
1.375
1.297
1.554
1.268
1.669
1.371
1.265
1.654
1.468
1.274
1.632
1.437
1.246
1.635
1.340
1.260
1.804
1.273
1.293
1.621
1.208
1.465
1.420
1.246
1.508
1.479
1.217
1.818
1.265
1.258
1.584
1.281
1.212
1.611
1.239
1.347
1.458
1.261
1.457
1.301
1.287
1.695
1.332
1.335
1.836
1.306
1.271
1.462
1.268
1.312
1.536
1.272
1.373
1.518
1.317
1.258
1.478
1.282
1.278
1.460
1.257
1.320
1.423
1.245
1.389
1.422
1.293
1.404
1.372
1.305
1.822
1.256
1.323
1.931
1.244
1.247
1.605
1.192
1.523
1.499
1.263
1.855
1.256
1.225
1.903
1.293
1.372
1.622
1.265
1.369
1.474
1.290
1.531
1.416
1.275
1.571
1.355
1.293
1.640
1.418
1.280
1.870
1.297
1.295
1.790
1.302
1.260
1.877
1.335
1.253
1.600
1.236
1.792
1.213
1.260
1.890
1.271
1.280
1.549
1.274
1.484
1.507
1.258
1.907
1.289
1.196
1.760
1.323
1.340
1.616
1.280
1.329
1.431
1.240
1.404
1.375
1.247
1.453
1.419
1.275
1.554
1.432
1.317
1.520
1.374
1.218
1.696
1.403
1.285
1.951
1.352
1.308
1.666
1.269
1.442
1.377
1.353
1.657
1.401
1.364
1.889
1.238
1.284
1.843
1.258
1.271
1.601
1.255
1.374
1.409
1.312
1.484
1.358
1.210
1.595
1.451
1.234
1.703
1.388
1.293
1.778
1.421
1.297
1.833
1.314
1.270
2.021
1.320
1.263
1.923
1.341
1.330
1.578
1.292
1.339
1.430
1.316
1.869
1.297
1.265
1.894
1.313
1.284
1.589
1.296
1.286
1.447
1.279
1.486
1.335
1.316
1.567
1.537
1.287
1.522
1.293
1.278
1.833
1.275
1.283
1.833
1.252
1.284
1.819
1.296
1.325
1.899
1.248
1.275
1.678
1.228
1.281
1.571
1.236
1.343
1.469
1.218
1.588
1.411
1.281
1.730
1.406
1.226
1.916
1.311
1.277
1.689
1.304
1.287
1.526
1.311
1.413
1.413
1.331
1.560
1.408
1.311
1.652
1.417
1.308
1.681
1.407
1.283
1.750
1.348
1.268
1.876
1.273
1.254
