3.055
3.249
3.129
2.111
3.256
2.255
3.083
3.076
3.222
3.219
2.127
3.172
2.061
3.092
2.161
3.195
3.187
2.057
3.126
2.066
3.213
3.068
3.127
2.137
3.115
3.090
2.107
3.090
2.083
3.092
3.126
3.167
2.171
3.100
3.076
3.273
3.094
2.017
3.178
3.102
3.229
3.186
3.052
3.272
3.196
3.112
2.016
3.205
2.171
3.151
3.130
2.094
3.133
3.147
3.092
2.024
3.172
1.995
3.202
3.126
2.086
3.158
3.139
3.104
2.093
3.175
2.180
3.093
3.095
2.255
3.084
3.199
3.151
2.014
3.177
1.993
3.234
3.203
3.198
3.094
2.093
3.171
2.074
3.147
2.040
3.173
3.100
3.146
3.116
3.142
3.130
2.054
3.208
2.103
3.104
3.119
2.214
3.175
3.124
3.112
2.046
3.168
3.093
2.196
3.249
2.087
3.135
2.047
3.045
2.086
3.204
3.072
2.287
3.145
3.121
3.175
3.094
3.154
3.128
3.141
3.138
2.116
3.138
2.079
3.148
3.278
2.176
3.146
3.228
3.116
3.101
3.150
3.108
3.142
3.128
3.314
3.277
2.017
3.155
2.061
3.212
2.185
3.100
3.226
3.124
3.115
3.108
3.148
3.109
3.218
3.128
3.218
3.141
3.117
3.159
2.094
3.101
2.112
3.135
3.112
2.169
3.143
3.220
3.177
2.099
3.224
3.107
3.154
3.222
3.105
3.173
2.158
3.203
3.182
3.119
3.198
2.109
3.118
2.187
3.113
3.123
3.156
2.070
3.159
3.122
2.091
3.238
2.016
3.137
2.102
3.217
3.204
3.197
3.176
3.120
3.217
2.069
3.109
2.219
3.056
3.156
2.223
3.118
3.097
3.178
3.100
3.251
3.200
3.071
3.197
3.146
3.150
3.109
3.254
3.105
3.182
3.258
2.111
3.117
2.104
3.054
2.096
3.125
3.107
3.118
3.115
2.085
3.181
3.131
3.109
2.152
3.216
3.258
3.130
3.150
2.047
3.220
2.126
3.203
2.089
3.126
3.201
2.115
3.144
2.004
3.188
2.184
3.138
3.178
3.124
3.129
2.072
3.149
2.057
3.213
3.216
3.059
3.098
2.181
3.108
1.993
3.122
3.190
3.150
3.149
2.089
3.114
2.092
3.096
2.099
3.265
3.057
2.150
3.141
3.073
3.193
3.128
3.147
3.230
3.149
3.102
3.118
3.107
2.010
3.221
3.126
2.211
3.121
2.145
3.048
2.063
3.113
2.128
3.080
3.256
3.189
3.127
2.075
3.188
3.088
2.107
3.199
2.140
3.133
2.020
3.107
3.166
3.083
3.082
3.270
3.147
2.113
3.158
2.071
3.127
3.188
2.109
3.184
2.138
3.139
2.045
3.153
3.086
3.124
3.232
3.188
3.105
3.092
3.104
2.129
3.209
3.173
2.079
3.159
2.050
3.135
3.148
3.285
3.199
2.118
3.119
2.096
3.261
3.121
3.278
3.091
3.065
3.253
3.132
3.061
2.042
3.117
3.116
3.083
3.278
2.060
3.113
3.193
3.152
3.162
3.123
3.086
2.115
3.189
2.056
3.123
2.192
3.183
2.054
3.134
3.121
2.245
3.190
2.068
3.258
3.124
3.146
3.105
3.107
3.156
1.986
3.266
2.128
2.295
3.120
1.995
3.157
3.130
3.090
2.016
3.291
3.176
2.060
3.166
1.969
3.181
2.175
3.171
3.246
3.129
3.106
2.029
3.133
3.069
2.062
3.172
2.085
3.148
3.121
3.082
2.115
3.263
3.135
2.128
3.114
3.154
3.086
2.058
3.239
3.097
3.138
3.110
3.141
3.155
3.120
3.247
3.138
3.121
3.242
3.130
3.172
1.998
3.148
2.136
3.118
3.227
2.053
3.097
3.169
3.094
2.079
3.282
3.080
2.162
3.124
3.217
3.165
3.213
3.203
3.194
2.252
3.191
3.168
3.138
2.091
3.099
3.203
3.090
3.187
3.140
3.141
3.126
3.119
3.316
3.111
3.142
3.105
3.208
2.117
3.105
1.955
3.245
3.208
3.113
3.165
2.162
3.115
3.142
3.069
3.243
3.134
3.086
2.084
3.107
3.099
3.148
3.113
2.061
3.100
2.129
3.103
2.024
3.176
3.100
2.226
3.111
2.104
3.178
3.252
3.105
3.236
3.193
3.159
2.030
3.156
3.164
2.211
3.140
3.094
3.128
2.091
3.097
2.088
3.249
3.134
2.150
3.156
3.099
3.107
3.151
3.250
3.167
3.272
3.111
1.950
3.152
1.976
3.219
3.153
2.183
3.132
3.113
3.120
2.055
3.162
1.974
3.219
3.291
2.045
3.173
2.108
3.156
3.155
3.160
3.095
3.182
3.185
3.154
3.290
3.117
3.096
3.168
2.045
3.141
2.080
3.215
2.003
3.121
3.127
2.111
3.135
3.141
3.071
2.075
3.274
3.089
2.107
3.150
2.061
3.137
2.103
3.121
3.096
3.156
3.186
2.160
3.160
2.038
3.136
2.067
3.177
3.080
3.165
3.100
2.066
3.096
3.098
3.115
3.196
1.987
3.123
2.091
3.187
2.112
3.147
3.217
2.047
3.143
2.062
3.080
2.136
3.156
3.076
3.219
3.081
2.083
3.187
2.022
3.155
3.188
3.146
3.213
2.114
3.086
2.060
3.119
2.136
3.126
3.128
2.052
3.125
3.115
3.104
2.162
3.292
3.111
2.039
3.133
2.079
3.197
3.141
3.154
3.088
3.115
3.129
2.031
3.204
2.069
3.105
3.309
3.105
2.069
2.220
3.086
2.128
3.177
2.055
3.303
3.170
3.083
3.115
3.175
3.161
2.099
3.182
3.052
2.237
3.175
3.118
3.106
2.158
3.178
2.121
3.210
3.139
2.185
3.156
2.078
3.104
3.232
3.123
3.193
3.148
3.137
2.118
3.118
3.057
2.270
3.123
2.080
3.129
3.131
3.099
2.103
3.242
3.286
2.126
3.145
2.070
3.195
3.177
3.062
3.104
3.129
3.177
2.052
3.193
3.110
2.135
3.137
2.048
3.098
3.103
3.129
3.219
3.106
3.205
2.069
3.162
2.074
3.202
3.125
3.083
3.079
2.124
3.100
2.071
3.217
2.116
3.353
3.125
2.011
3.191
3.129
3.084
2.181
3.201
3.207
2.052
3.147
2.028
3.114
3.129
3.118
3.248
2.108
3.074
2.123
3.110
3.110
2.179
3.202
2.070
3.102
2.133
3.079
2.118
3.152
3.068
3.211
3.145
2.029
3.113
3.139
3.072
3.199
3.182
3.131
2.053
3.148
3.099
2.128
3.195
2.063
3.119
2.147
3.089
2.043
3.297
3.245
2.057
3.155
2.070
3.191
3.148
3.090
3.093
2.091
3.068
3.147
3.213
3.141
3.163
3.150
2.043
3.113
2.112
3.096
2.118
3.114
3.105
2.175
3.164
3.115
3.141
2.145
3.218
2.130
2.303
3.085
2.063
3.124
2.110
3.162
3.120
3.160
3.103
2.148
3.095
3.135
3.135
2.117
3.255
3.138
2.222
3.100
3.173
3.139
2.044
3.255
2.131
2.114
3.135
3.110
3.133
3.264
3.100
3.099
2.299
3.053
2.104
3.214
2.056
3.089
2.243
3.132
3.090
2.152
3.104
2.063
3.227
3.141
3.097
3.167
2.067
3.080
3.190
3.186
3.142
3.109
3.266
2.003
3.185
2.023
3.141
2.069
3.213
3.282
3.114
3.149
2.080
3.146
2.005
3.210
3.192
2.147
3.112
3.154
3.120
2.177
3.163
3.085
2.190
3.134
2.139
3.104
2.084
3.080
2.149
3.147
3.160
2.040
3.178
2.032
3.239
3.140
2.165
3.085
2.118
3.100
1.980
3.239
3.070
2.201
3.167
3.091
3.084
3.133
3.120
3.094
3.122
3.149
2.039
3.154
2.005
3.250
3.140
2.103
3.137
2.105
3.093
2.048
3.251
3.079
2.259
3.174
2.053
3.150
2.103
3.116
2.206
3.134
3.084
2.075
3.137
2.057
3.110
3.170
3.051
3.271
3.104
3.164
2.104
3.108
3.118
3.157
3.238
2.047
3.195
2.088
3.096
2.055
3.234
2.100
3.069
3.130
2.121
3.143
3.131
3.178
3.096
3.297
3.273
2.171
3.119
2.068
3.234
2.175
3.095
3.118
3.227
3.114
3.084
3.144
2.059
3.211
3.204
2.134
3.099
2.081
3.097
3.130
3.224
3.220
2.091
3.121
2.056
3.285
2.062
3.209
2.135
3.099
3.254
2.022
3.145
3.190
3.087
3.111
3.061
3.226
3.127
3.102
3.164
3.187
3.060
3.089
3.142
2.069
3.159
3.127
