3.204
3.100
3.133
3.119
3.330
3.225
3.122
3.166
3.575
3.063
3.189
3.156
3.162
3.117
3.138
3.116
3.148
3.115
3.130
3.125
3.199
3.276
3.123
3.114
3.088
3.127
3.187
3.141
3.258
3.106
3.073
3.216
3.123
3.146
3.122
3.153
3.223
3.210
3.221
3.112
3.209
3.208
3.180
3.217
3.144
3.063
3.172
3.116
3.133
3.193
3.168
3.106
3.108
3.188
3.133
3.088
3.187
3.140
3.137
3.250
3.199
3.148
3.259
3.109
3.135
3.169
3.135
3.181
3.207
3.232
3.106
3.184
3.151
3.089
3.131
3.091
3.122
3.116
3.222
3.191
3.289
3.215
3.196
3.267
3.162
3.253
3.122
3.112
3.147
3.128
3.098
3.152
3.174
3.116
3.190
3.134
3.099
3.421
3.153
3.081
3.147
3.110
3.107
3.152
3.150
3.106
3.192
3.265
3.183
3.158
3.165
3.203
3.188
3.151
3.223
3.257
3.293
3.203
3.123
3.130
3.149
3.392
3.223
3.102
3.108
3.167
3.094
3.117
3.133
3.081
3.162
3.146
3.206
3.218
3.109
3.178
3.259
3.180
3.272
3.159
3.231
3.171
3.149
3.157
3.187
3.174
3.128
3.143
3.092
3.235
3.124
3.098
3.189
3.072
3.204
3.190
3.263
3.148
3.156
3.126
3.106
3.126
3.141
3.324
3.250
3.102
3.118
3.135
3.076
3.131
3.146
3.163
3.162
3.206
3.198
3.130
3.193
3.186
3.152
3.207
3.103
3.188
3.129
3.152
3.126
3.117
3.101
3.138
3.144
3.116
3.130
3.131
3.174
3.073
3.233
3.379
3.232
3.236
3.121
3.158
3.163
3.115
3.160
3.284
3.110
3.217
3.389
3.312
3.282
3.163
3.078
3.132
3.150
3.130
3.147
3.124
3.208
3.180
3.244
3.089
3.443
3.218
3.111
3.166
3.191
3.092
3.122
3.146
3.177
3.167
3.126
3.224
3.097
3.180
3.118
3.228
3.128
3.129
3.143
3.291
3.241
3.163
3.175
3.158
3.168
3.181
3.107
3.112
3.250
3.151
3.115
3.127
3.126
3.120
3.235
3.112
3.238
3.132
3.342
3.181
3.114
3.094
3.087
3.286
3.206
3.348
3.218
3.224
3.182
3.243
3.130
3.236
3.149
3.187
3.304
3.171
3.089
3.191
3.260
3.117
3.174
3.154
3.159
3.248
3.156
3.067
3.351
3.224
3.206
3.205
3.141
3.076
3.185
3.134
3.123
3.202
3.300
3.081
3.205
3.164
3.239
3.172
3.125
3.171
3.135
3.110
3.127
3.203
3.250
3.198
3.245
3.079
3.254
3.176
3.551
3.310
3.129
3.638
3.474
3.334
3.162
3.097
3.152
3.161
3.096
3.362
3.281
3.208
3.113
3.089
3.126
3.136
3.134
3.238
3.209
3.113
3.197
3.154
3.158
3.146
3.116
3.089
3.203
3.177
3.232
3.174
3.162
3.047
3.185
3.212
3.087
3.155
3.224
3.113
3.160
3.153
3.072
3.130
3.161
3.164
3.220
3.136
3.217
3.253
3.138
3.163
3.063
3.270
3.304
3.101
3.174
3.265
3.214
3.315
3.061
3.275
3.144
3.148
3.312
3.215
3.118
3.253
3.279
3.100
3.212
3.166
3.305
3.163
3.316
3.127
3.281
3.221
3.166
3.181
3.238
3.190
3.108
3.243
3.194
3.209
3.144
3.084
3.195
3.112
3.075
3.071
3.132
3.176
3.163
3.421
3.148
3.158
3.183
3.227
3.167
3.125
3.060
3.196
3.143
3.121
3.087
3.225
3.112
3.155
3.154
3.100
3.376
3.135
3.220
3.170
3.206
3.180
3.211
3.233
3.461
3.322
3.157
3.218
3.185
3.147
3.147
3.119
3.155
3.149
3.129
3.130
3.354
3.296
3.224
3.196
3.225
3.178
3.105
3.098
3.147
3.165
3.102
3.199
3.079
3.109
3.088
3.087
3.152
3.171
3.178
3.235
3.150
3.105
3.112
3.110
3.150
3.183
3.116
3.085
3.120
3.215
3.236
3.164
3.376
3.075
3.292
3.167
3.129
3.142
3.332
3.099
3.166
3.218
3.270
3.143
3.137
3.093
3.197
3.193
3.223
3.140
3.165
3.142
3.149
3.179
3.161
3.072
3.136
3.292
3.157
3.154
3.104
3.191
3.232
3.233
3.205
3.241
3.116
3.112
3.245
3.173
3.101
3.189
3.104
3.143
3.137
3.123
3.314
3.254
3.276
3.163
3.178
3.068
3.129
3.180
3.093
3.164
3.154
3.202
3.266
3.149
3.208
3.107
3.176
3.106
3.364
3.477
3.179
3.185
3.239
3.162
3.211
3.229
3.089
3.123
3.193
3.226
3.193
3.191
3.203
3.112
3.139
3.075
3.268
3.160
3.169
3.150
3.201
3.098
3.266
3.240
3.121
3.126
3.106
3.240
3.176
3.125
3.101
3.111
3.139
3.141
3.132
3.164
3.152
3.858
3.233
3.084
3.135
3.111
3.120
3.166
3.108
3.099
3.109
3.188
3.146
3.273
3.162
3.092
3.247
3.155
3.122
3.344
3.250
3.127
3.167
3.126
3.181
3.126
3.163
3.076
3.122
3.113
3.307
3.074
3.146
3.088
3.205
3.193
3.093
3.103
3.116
3.294
3.206
3.119
3.071
3.220
3.093
3.114
3.209
3.124
3.189
3.248
3.202
3.071
3.193
3.167
3.122
3.206
3.214
3.079
3.133
3.238
3.119
3.101
3.200
3.282
3.180
3.331
3.142
3.453
3.287
3.182
3.126
3.297
3.258
3.233
3.173
3.083
3.269
3.213
3.191
3.249
3.398
3.348
3.372
3.427
3.349
3.152
3.117
3.132
3.126
3.249
3.267
3.198
3.154
3.274
3.225
3.192
3.089
3.407
3.314
3.264
3.325
3.259
3.269
3.193
3.123
3.212
3.084
3.357
3.158
3.200
3.146
3.252
3.179
3.271
3.182
3.201
3.236
3.422
3.143
3.145
3.109
3.167
3.092
3.110
3.191
3.131
3.256
3.060
3.105
3.160
3.157
3.087
3.259
3.170
3.138
3.236
3.120
3.157
3.184
3.163
3.145
3.125
3.140
3.254
3.185
3.205
3.180
3.140
3.229
3.132
3.263
3.229
3.246
3.124
3.041
3.093
3.145
3.121
3.095
3.105
3.065
3.203
3.237
3.213
3.253
3.110
3.082
3.218
3.106
3.155
3.241
3.289
3.060
3.165
3.239
3.115
3.214
3.106
3.147
3.148
3.204
3.115
3.066
3.223
3.108
3.090
3.313
3.074
3.148
3.188
3.253
3.128
3.312
3.151
3.270
3.310
3.358
3.330
3.270
3.079
3.082
3.232
3.227
3.213
3.120
3.204
3.140
3.272
3.134
3.275
3.261
3.197
3.243
3.245
3.196
3.099
3.255
3.243
3.187
3.224
3.229
3.232
3.239
3.231
3.201
3.275
3.493
3.242
3.153
3.187
3.246
3.182
3.181
3.238
3.264
3.179
3.153
3.266
3.260
3.219
3.160
3.219
3.194
3.273
3.237
3.251
3.222
3.124
3.101
3.145
3.142
3.230
3.153
3.223
3.206
3.336
3.189
3.118
3.229
3.098
3.152
3.191
3.154
3.166
3.303
3.099
3.141
3.363
3.086
3.096
3.230
3.118
3.219
3.206
3.107
3.152
3.191
3.117
3.179
3.215
3.127
3.094
3.297
3.322
3.184
3.204
3.127
3.159
3.392
3.406
3.198
3.220
3.108
3.192
3.194
3.175
3.191
3.592
3.296
3.260
3.280
3.493
3.188
3.293
3.092
3.146
3.410
3.280
3.203
3.348
3.360
3.200
3.235
3.170
3.225
3.186
3.130
3.145
3.212
3.155
3.136
3.120
3.141
3.113
3.270
3.119
3.222
3.101
3.111
3.171
3.137
3.209
3.188
3.275
3.120
3.154
3.165
3.199
3.168
3.351
3.233
3.152
3.228
3.079
3.127
3.185
3.205
3.171
3.301
3.178
3.200
3.193
3.395
3.154
3.412
3.135
3.244
3.275
3.177
3.140
3.129
3.140
3.141
3.146
3.166
3.222
3.105
3.209
3.476
3.276
3.214
3.107
3.204
3.192
3.274
3.153
3.185
3.242
3.302
3.273
3.111
3.269
3.098
3.114
3.131
3.133
3.123
3.128
3.099
3.105
3.244
3.194
3.201
3.199
3.174
3.284
3.245
3.075
3.108
3.310
3.140
3.141
3.092
3.126
3.141
3.125
3.088
3.122
3.149
3.050
3.211
3.268
3.123
3.335
3.268
3.255
3.112
3.240
3.406
3.270
3.307
3.439
