1.202
1.217
1.279
1.157
1.103
1.274
1.306
1.151
1.167
1.143
1.088
1.769
1.151
1.100
1.208
1.303
1.269
1.199
1.164
1.071
1.335
1.248
1.125
1.235
1.212
1.198
1.330
1.205
1.164
1.247
1.314
1.304
1.237
1.169
1.110
1.348
1.345
1.210
1.243
1.284
1.230
1.562
1.167
1.164
1.239
1.165
1.417
1.250
1.298
1.116
1.207
1.265
1.285
1.256
1.199
1.099
1.522
1.152
1.172
1.215
1.211
1.438
1.367
1.263
1.139
1.204
1.249
1.315
1.230
1.166
1.207
1.341
1.328
1.160
1.251
1.139
1.342
1.373
1.155
1.136
1.273
1.365
1.278
1.310
1.222
1.098
1.416
1.347
1.123
1.217
1.147
1.366
1.383
1.137
1.148
1.179
1.279
1.249
1.272
1.230
1.168
1.193
1.366
1.164
1.274
1.160
1.126
1.526
1.330
1.122
1.302
1.163
1.401
1.240
1.155
1.192
1.242
1.179
1.301
1.269
1.212
1.144
1.503
1.265
1.175
1.224
1.202
1.296
1.397
1.224
1.099
1.256
1.264
1.252
1.223
1.193
1.150
1.486
1.265
1.151
1.257
1.181
1.281
1.380
1.252
1.168
1.384
1.234
1.247
1.245
1.167
1.154
1.253
1.437
1.237
1.224
1.322
1.158
1.611
1.376
1.151
1.236
1.293
1.142
1.362
1.163
1.104
1.283
1.428
1.117
1.245
1.186
1.192
1.534
1.183
1.177
1.219
1.160
1.319
1.498
1.197
1.096
1.196
1.168
1.444
1.244
1.165
1.192
1.215
1.377
1.125
1.214
1.224
1.142
1.547
1.175
1.171
1.201
1.127
1.267
1.446
1.230
1.129
1.430
1.188
1.208
1.235
1.151
1.208
1.318
1.284
1.140
1.244
1.159
1.211
1.428
1.239
1.138
1.338
1.248
1.279
1.221
1.158
1.125
1.254
1.440
1.230
1.274
1.280
1.104
1.480
1.348
1.195
1.259
1.163
1.271
1.377
1.142
1.141
1.263
1.200
1.387
1.300
1.227
1.189
1.240
1.401
1.223
1.225
1.187
1.145
1.387
1.362
1.158
1.229
1.388
1.196
1.257
1.201
1.134
1.276
1.322
1.270
1.198
1.238
1.161
1.341
1.344
1.213
1.220
1.180
1.231
1.526
1.149
1.154
1.266
1.281
1.240
1.206
1.156
1.134
1.169
1.395
1.182
1.224
1.146
1.099
1.389
1.226
1.095
1.193
1.208
1.230
1.332
1.130
1.134
1.220
1.127
1.341
1.168
1.316
1.104
1.188
1.286
1.241
1.276
1.205
1.124
1.279
1.444
1.167
1.249
1.197
1.136
1.356
1.210
1.146
1.250
1.258
1.222
1.208
1.261
1.137
1.326
1.487
1.181
1.319
1.255
1.130
1.284
1.313
1.132
1.214
1.238
1.448
1.299
1.239
1.165
1.229
1.335
1.344
1.270
1.207
1.231
1.207
1.296
1.169
1.244
1.173
1.177
1.498
1.263
1.228
1.254
1.184
1.273
1.419
1.229
1.168
1.396
1.222
1.238
1.221
1.188
1.117
1.378
1.317
1.148
1.199
1.213
1.269
1.405
1.316
1.144
1.422
1.212
1.319
1.287
1.204
1.271
1.317
1.138
1.304
1.277
1.261
1.470
1.188
1.350
1.227
1.260
1.136
1.229
1.375
1.219
1.118
1.222
1.222
1.317
1.278
1.203
1.192
1.213
1.463
1.170
1.297
1.231
1.159
1.301
1.311
1.148
1.226
1.165
1.427
1.304
1.201
1.161
1.343
1.386
1.351
1.283
1.296
1.166
1.517
1.246
1.164
1.300
1.184
1.133
1.499
1.203
1.209
1.246
1.208
1.378
1.334
1.198
1.154
1.239
1.317
1.238
1.212
1.232
1.132
1.220
1.574
1.148
1.249
1.187
1.077
1.489
1.205
1.141
1.202
1.138
1.283
1.351
1.210
1.169
1.251
1.470
1.293
1.225
1.178
1.143
1.408
1.295
1.153
1.277
1.251
1.371
1.420
1.215
1.179
1.219
1.335
1.268
1.223
1.214
1.159
1.314
1.391
1.167
1.231
1.196
1.270
1.216
1.295
1.152
1.270
1.135
1.223
1.392
1.269
1.166
1.246
1.306
1.364
1.265
1.211
1.358
1.216
1.298
1.130
1.225
1.214
1.145
1.521
1.207
1.186
1.238
1.139
1.402
1.270
1.227
1.182
1.234
1.311
1.249
1.218
1.200
1.160
1.390
1.429
1.153
1.308
1.228
1.284
1.338
1.220
1.171
1.195
1.209
1.422
1.252
1.180
1.159
1.301
1.249
1.329
1.292
1.266
1.417
1.184
1.321
1.163
1.184
1.219
1.404
1.392
1.187
1.143
1.283
1.271
1.272
1.233
1.184
1.131
1.484
1.240
1.190
1.258
1.168
1.239
1.562
1.250
1.126
1.284
1.216
1.327
1.407
1.222
1.223
1.195
1.418
1.294
1.289
1.204
1.186
1.500
1.273
1.283
1.178
1.201
1.138
1.566
1.150
1.151
1.264
1.196
1.154
1.490
1.244
1.173
1.282
1.175
1.296
1.200
1.205
1.136
1.437
1.373
1.153
1.198
1.191
1.322
1.369
1.199
1.121
1.261
1.267
1.322
1.429
1.182
1.136
1.229
1.287
1.282
1.336
1.321
1.204
1.227
1.433
1.158
1.286
1.214
1.173
1.379
1.237
1.170
1.234
1.206
1.379
1.259
1.171
1.148
1.245
1.445
1.297
1.212
1.219
1.184
1.637
1.309
1.144
1.262
1.164
1.302
1.556
1.210
1.175
1.313
1.346
1.217
1.227
1.244
1.115
1.401
1.296
1.272
1.221
1.182
1.135
1.401
1.388
1.192
1.291
1.360
1.118
1.337
1.220
1.187
1.230
1.250
1.229
1.270
1.209
1.259
1.252
1.441
1.193
1.233
1.187
1.157
1.276
1.436
1.151
1.270
1.473
1.138
1.327
1.261
1.183
1.241
1.462
1.253
1.264
1.217
1.339
1.199
1.339
1.192
1.227
1.277
1.137
1.340
1.270
1.170
1.209
1.227
1.349
1.236
1.204
1.130
1.205
1.301
1.386
1.241
1.202
1.184
1.489
1.258
1.148
1.211
1.209
1.270
1.460
1.223
1.160
1.371
1.253
1.149
1.308
1.212
1.137
1.229
1.538
1.165
1.261
1.258
1.315
1.264
1.315
1.168
1.244
1.158
1.278
1.436
1.186
1.157
1.224
1.479
1.236
1.313
1.471
1.129
1.273
1.433
1.160
1.236
1.232
1.111
1.606
1.188
1.185
1.285
1.192
1.242
1.451
1.199
1.175
1.279
1.173
1.359
1.298
1.197
1.150
1.190
1.500
1.284
1.248
1.157
1.174
1.518
1.257
1.174
1.227
1.193
1.422
1.297
1.252
1.233
1.203
1.336
1.272
1.219
1.251
1.117
1.422
1.392
1.160
1.306
1.223
1.242
1.511
1.207
1.160
1.196
1.170
1.570
1.339
1.160
1.137
1.195
1.396
1.209
1.263
1.187
1.169
1.229
1.482
1.137
1.265
1.221
1.126
1.451
1.217
1.157
1.286
1.135
1.285
1.360
1.185
1.152
1.671
1.122
1.204
1.216
1.214
1.128
1.342
1.345
1.135
1.266
1.187
1.082
1.324
1.338
1.195
1.280
1.166
1.231
1.324
1.180
1.138
1.189
1.288
1.270
1.243
1.195
1.119
1.206
1.423
1.162
1.218
1.163
1.166
1.620
1.308
1.196
1.292
1.258
1.132
1.356
1.197
1.115
1.265
1.187
1.453
1.232
1.191
1.114
1.313
1.459
1.164
1.283
1.247
1.347
1.234
1.308
1.220
1.243
1.206
1.154
1.392
1.235
1.183
1.806
1.141
1.289
1.265
1.186
1.178
1.366
1.630
1.776
1.363
1.192
1.258
1.412
1.309
1.306
1.238
1.211
1.302
1.290
1.138
1.300
1.132
1.093
1.491
1.166
1.170
1.238
1.126
1.231
1.398
1.159
1.189
1.214
1.242
1.254
1.233
1.152
1.580
1.216
1.242
1.170
1.253
1.110
1.316
1.408
1.147
1.211
1.316
1.246
1.282
1.270
1.124
1.174
1.281
1.369
1.359
1.265
1.114
1.132
1.487
1.305
1.168
1.373
1.134
1.461
1.328
1.118
1.147
1.263
1.114
1.219
1.446
1.237
1.171
1.692
1.128
1.286
1.199
1.101
1.142
1.451
1.293
1.183
1.275
1.155
1.346
1.374
1.128
1.224
1.223
1.103
1.216
1.403
1.117
1.155
1.213
1.393
1.234
1.228
1.127
1.145
1.337
1.344
1.183
