0.979
1.050
1.089
1.027
1.029
1.307
0.997
1.275
1.100
1.009
1.074
1.142
1.090
1.064
1.089
1.043
1.179
1.098
1.069
1.081
1.116
1.015
1.045
1.248
0.971
1.237
1.101
1.018
1.068
1.100
1.004
1.026
1.098
1.098
1.028
1.251
1.015
1.080
1.122
1.067
1.070
1.066
1.000
1.092
1.292
1.023
1.105
1.182
1.016
1.074
1.086
0.965
1.136
1.268
0.977
1.009
1.110
0.980
1.056
1.158
1.061
1.149
1.078
1.131
1.024
1.146
0.976
1.029
1.080
0.934
1.131
1.106
1.143
1.079
1.186
1.004
1.057
1.093
1.088
1.131
1.075
1.122
1.021
1.096
1.008
1.059
1.124
1.018
1.029
1.219
1.009
1.152
1.167
1.046
1.056
1.262
1.016
1.069
1.046
1.174
1.303
1.112
1.012
1.072
1.186
0.979
1.205
1.126
1.021
1.245
1.082
1.004
1.013
1.113
1.001
1.046
1.122
1.004
1.137
1.244
0.972
1.038
1.114
0.996
1.012
1.152
0.951
1.215
1.347
1.032
1.045
1.138
0.989
1.026
1.090
1.141
1.013
1.323
1.179
1.083
1.117
1.016
1.054
1.099
0.979
1.116
1.084
1.107
1.122
1.109
1.004
1.064
1.113
1.037
0.984
1.220
1.140
1.092
1.126
1.037
1.112
1.133
0.981
1.038
1.204
0.958
1.164
1.143
1.101
1.097
1.145
0.966
1.045
1.126
1.100
1.202
1.112
1.024
1.080
1.103
1.071
1.078
1.115
1.104
1.286
1.154
1.052
1.071
1.091
1.053
1.004
1.217
0.939
1.138
1.113
1.010
1.065
1.235
1.000
1.037
1.082
1.062
1.042
1.348
1.015
1.128
1.128
1.016
1.052
1.038
1.074
1.465
1.140
1.130
1.077
1.123
1.004
1.079
1.119
0.975
1.269
1.167
1.175
1.118
1.125
1.074
1.052
1.170
1.273
1.092
1.122
1.011
1.071
1.152
1.060
1.068
1.144
1.008
1.082
1.344
1.108
1.146
1.171
1.065
1.093
1.120
0.995
1.073
1.229
1.014
1.264
1.214
1.094
1.110
1.133
1.009
1.092
1.109
1.072
1.105
1.303
1.076
1.095
1.107
1.034
1.106
1.145
1.023
1.334
1.346
1.052
1.100
1.187
1.041
1.135
1.273
0.993
1.122
1.326
1.027
1.079
1.141
1.043
1.150
1.171
1.007
1.259
1.347
1.060
1.175
1.250
1.142
1.129
1.218
1.010
1.103
1.309
1.006
1.110
1.182
1.070
1.105
1.110
1.043
1.092
1.304
1.137
1.116
1.188
1.070
1.102
1.139
1.016
1.112
1.307
1.026
1.303
1.201
1.079
1.089
1.189
1.190
1.136
1.120
1.004
1.212
1.171
1.083
1.106
1.148
1.035
1.121
1.128
1.064
1.234
1.131
1.039
1.093
1.106
1.024
1.121
1.108
1.133
1.294
1.139
1.051
1.076
1.163
1.002
1.091
1.134
1.118
1.302
1.193
1.067
1.127
1.168
1.036
1.133
1.153
0.999
1.219
1.427
1.038
1.073
1.114
1.054
1.099
1.134
1.050
1.131
1.248
1.234
1.060
1.155
1.099
1.089
1.358
1.011
1.058
1.138
1.081
1.088
1.116
1.054
1.141
1.066
1.028
1.042
1.168
1.245
1.098
1.165
1.044
1.083
1.094
1.141
1.102
1.133
1.036
1.208
1.173
1.035
1.063
1.105
1.043
1.042
1.120
1.113
1.064
1.247
1.151
1.065
1.100
1.029
1.059
1.123
1.177
1.014
1.336
1.029
1.117
1.106
1.036
1.020
1.272
0.961
1.011
1.220
0.979
1.074
1.079
1.019
1.016
1.064
1.044
1.097
1.252
1.092
1.162
1.212
0.988
1.063
1.091
1.261
1.007
1.069
1.178
1.084
1.155
1.007
1.053
1.298
1.045
1.027
1.293
1.152
1.061
1.126
1.012
1.034
1.146
1.004
1.019
1.153
1.141
1.102
1.116
0.964
1.021
1.095
1.007
1.023
1.119
1.098
1.212
1.146
0.972
1.032
1.049
1.032
1.020
1.080
1.108
1.260
1.130
1.016
1.046
1.109
1.027
1.219
1.145
0.966
1.022
1.262
0.972
1.049
1.105
1.077
1.048
1.090
1.060
1.083
1.349
1.004
1.042
1.118
1.108
1.096
1.103
0.978
1.165
1.272
1.012
1.086
1.131
1.030
1.082
1.062
1.046
1.090
1.287
1.112
1.061
1.130
1.004
1.082
1.108
1.017
1.004
1.206
0.982
1.239
1.110
1.051
1.135
1.114
0.987
1.319
1.266
1.065
1.191
1.064
1.064
1.129
1.093
0.948
1.005
1.111
1.039
1.207
1.316
1.046
1.124
1.110
0.992
1.208
1.112
1.011
1.008
1.267
1.075
1.094
1.167
0.994
1.060
1.091
1.075
1.030
1.226
1.029
1.111
1.099
1.064
1.019
1.114
0.987
1.147
1.148
1.088
1.072
1.133
0.992
1.033
1.104
1.067
1.016
1.158
1.102
1.095
1.123
1.060
1.021
1.102
1.095
1.074
1.199
1.144
1.063
1.115
1.039
1.089
1.200
1.024
1.085
1.090
1.195
1.185
1.102
0.998
1.007
1.081
1.129
1.064
1.046
1.058
1.232
1.243
0.996
1.031
1.092
1.057
1.082
1.068
1.057
1.195
1.085
1.080
1.035
1.113
1.031
1.039
1.078
1.163
1.074
1.163
1.041
1.043
1.079
1.023
1.078
1.136
0.989
1.013
1.210
1.159
1.056
1.119
1.028
1.051
1.182
1.059
1.186
1.069
1.179
1.040
1.096
1.107
1.082
1.180
1.199
1.057
1.119
1.226
1.084
1.132
1.016
1.069
1.202
1.024
1.031
1.239
1.089
1.270
1.143
1.051
1.058
1.121
1.101
1.022
1.137
1.140
1.183
1.140
0.987
1.112
1.152
0.999
1.059
1.073
1.038
1.197
1.307
1.033
1.122
1.308
1.015
1.038
1.098
1.084
1.089
1.276
1.168
1.141
1.170
0.990
1.068
1.137
0.971
1.177
1.114
1.225
1.108
1.208
1.019
1.075
1.143
1.203
1.074
1.085
1.200
1.121
1.116
1.010
1.074
1.168
1.059
1.037
1.097
1.132
1.163
1.112
1.113
1.072
1.175
1.070
1.031
1.188
1.069
1.277
1.181
1.012
1.072
1.155
0.988
1.060
1.111
1.155
1.075
1.385
1.052
1.086
1.115
1.113
1.068
1.170
1.087
1.363
1.298
1.031
1.076
1.170
1.151
1.126
1.241
0.982
1.111
1.260
1.043
1.061
1.174
0.979
1.045
1.147
0.988
1.246
1.156
1.157
1.050
1.284
1.051
1.050
1.110
1.017
1.266
1.328
1.024
1.090
1.188
1.008
1.151
1.192
1.097
1.074
1.274
1.119
1.076
1.187
1.011
1.124
1.113
1.035
1.105
1.136
1.198
1.234
1.177
1.027
1.086
1.127
1.019
1.090
1.112
1.107
1.226
1.167
1.075
1.078
1.145
1.198
1.310
1.171
0.993
1.096
1.364
1.004
1.091
1.146
1.088
1.079
1.141
1.171
1.151
1.319
1.054
1.069
1.131
1.138
1.097
1.074
1.133
1.311
1.164
0.992
1.109
1.157
1.072
1.097
1.167
1.027
1.298
1.312
1.045
1.099
1.157
1.108
1.172
1.134
1.054
1.128
1.334
1.247
1.082
1.191
1.074
1.117
1.195
1.427
1.091
1.110
1.186
1.080
1.202
1.093
1.141
1.152
1.119
1.120
1.253
1.006
1.199
1.220
1.139
1.103
1.220
1.112
1.304
1.167
1.008
1.262
1.171
1.070
1.127
1.173
1.021
1.053
1.125
1.141
1.079
1.350
1.025
1.069
1.147
1.065
1.048
1.102
1.023
1.326
1.141
1.122
1.067
1.173
1.084
1.096
1.072
1.085
1.133
1.328
1.184
1.127
1.162
1.059
1.220
1.139
1.031
1.087
1.325
1.101
1.061
1.131
1.094
1.102
1.125
0.998
1.095
1.247
1.184
1.153
1.179
1.097
1.105
1.170
1.052
1.086
1.143
1.176
1.072
1.224
1.196
1.107
1.165
1.020
1.069
1.098
1.198
1.290
1.159
1.044
1.092
1.138
1.080
1.088
1.113
1.082
1.406
1.391
1.056
1.089
1.149
1.162
1.325
1.119
0.979
1.054
1.339
1.008
1.090
1.160
1.076
1.091
1.180
1.070
1.120
1.277
1.021
1.167
1.168
1.035
1.051
1.108
1.119
1.107
1.260
1.162
1.113
1.190
1.011
1.068
1.124
1.034
