1.545
1.224
1.223
1.222
1.425
1.381
1.267
1.211
1.404
1.450
1.159
1.141
1.489
1.267
1.170
1.224
1.482
1.317
1.248
1.200
1.233
1.362
1.187
1.138
1.606
1.319
1.151
1.315
1.570
1.313
1.263
1.203
1.458
1.410
1.156
1.149
1.345
1.285
1.169
1.266
1.297
1.315
1.279
1.171
1.278
1.448
1.208
1.215
1.243
1.403
1.178
1.350
1.135
1.485
1.239
1.280
1.147
1.557
1.123
1.184
1.215
1.471
1.217
1.241
1.192
1.465
1.240
1.155
1.263
1.514
1.140
1.153
1.508
1.322
1.152
1.261
1.267
1.289
1.251
1.208
1.144
1.609
1.148
1.166
1.219
1.435
1.319
1.233
1.169
1.270
1.403
1.160
1.132
1.507
1.328
1.159
1.230
1.142
1.454
1.264
1.168
1.142
1.593
1.161
1.151
1.225
1.603
1.272
1.306
1.179
1.449
1.332
1.179
1.129
1.557
1.259
1.145
1.237
1.316
1.265
1.239
1.215
1.485
1.347
1.200
1.189
1.479
1.292
1.212
1.350
1.613
1.270
1.277
1.199
1.123
1.561
1.143
1.234
1.215
1.447
1.166
1.281
1.218
1.375
1.318
1.280
1.171
1.438
1.282
1.263
1.277
1.282
1.257
1.274
1.161
1.236
1.371
1.227
1.130
1.328
1.332
1.258
1.260
1.229
1.284
1.295
1.153
1.384
1.428
1.203
1.171
1.406
1.383
1.151
1.204
1.217
1.352
1.298
1.150
1.160
1.622
1.223
1.188
1.248
1.327
1.267
1.210
1.181
1.523
1.322
1.167
1.163
1.489
1.265
1.189
1.241
1.283
1.292
1.324
1.184
1.160
1.576
1.170
1.179
1.244
1.476
1.171
1.259
1.242
1.424
1.273
1.177
1.294
1.404
1.156
1.149
1.379
1.297
1.170
1.383
1.172
1.505
1.264
1.292
1.112
1.491
1.274
1.223
1.222
1.320
1.289
1.291
1.157
1.444
1.390
1.205
1.174
1.322
1.256
1.166
1.289
1.211
1.333
1.308
1.219
1.258
1.461
1.202
1.191
1.384
1.246
1.224
1.217
1.211
1.572
1.305
1.186
1.145
1.580
1.153
1.129
1.259
1.555
1.183
1.221
1.197
1.582
1.249
1.193
1.145
1.544
1.276
1.137
1.218
1.294
1.268
1.299
1.209
1.403
1.336
1.176
1.138
1.272
1.464
1.195
1.183
1.142
1.452
1.268
1.160
1.205
1.560
1.245
1.213
1.240
1.418
1.157
1.233
1.183
1.341
1.328
1.172
1.186
1.366
1.288
1.186
1.310
1.492
1.314
1.319
1.246
1.354
1.395
1.415
1.189
1.318
1.268
1.168
1.221
1.166
1.547
1.234
1.193
1.115
1.448
1.297
1.163
1.247
1.546
1.375
1.247
1.195
1.425
1.330
1.188
1.176
1.339
1.347
1.177
1.245
1.336
1.280
1.294
1.236
1.366
1.364
1.176
1.123
1.326
1.548
1.151
1.266
1.216
1.446
1.295
1.195
1.145
1.626
1.144
1.168
1.304
1.716
1.207
1.282
1.217
1.449
1.385
1.238
1.162
1.416
1.279
1.278
1.270
1.268
1.333
1.272
1.205
1.586
1.355
1.139
1.162
1.229
1.442
1.225
1.206
1.162
1.647
1.299
1.136
1.148
1.534
1.248
1.174
1.259
1.462
1.313
1.279
1.186
1.353
1.343
1.178
1.186
1.526
1.238
1.211
1.217
1.586
1.285
1.231
1.138
1.303
1.416
1.130
1.148
1.266
1.446
1.154
1.237
1.188
1.495
1.369
1.183
1.181
1.425
1.283
1.225
1.283
1.213
1.254
1.294
1.211
1.239
1.441
1.198
1.216
1.353
1.281
1.249
1.286
1.553
1.262
1.262
1.115
1.154
1.536
1.169
1.176
1.325
1.242
1.169
1.234
1.300
1.287
1.398
1.112
1.135
1.682
1.181
1.238
1.259
1.384
1.226
1.213
1.106
1.182
1.552
1.109
1.184
1.218
1.410
1.183
1.253
1.099
1.668
1.286
1.154
1.172
1.655
1.218
1.172
1.246
1.377
1.198
1.244
1.102
1.329
1.380
1.161
1.182
1.301
1.268
1.138
1.211
1.358
1.359
1.281
1.162
1.338
1.380
1.101
1.255
1.357
1.301
1.203
1.363
1.289
1.159
1.322
1.181
1.181
1.340
1.205
1.187
1.249
1.189
1.342
1.303
1.234
1.286
1.391
1.172
1.192
1.253
1.607
1.238
1.208
1.141
1.506
1.334
1.197
1.202
1.503
1.290
1.155
1.250
1.347
1.328
1.311
1.150
1.485
1.308
1.148
1.167
1.544
1.258
1.175
1.275
1.517
1.250
1.226
1.118
1.294
1.431
1.158
1.203
1.275
1.648
1.154
1.259
1.161
1.537
1.370
1.215
1.184
1.526
1.138
1.200
1.268
1.227
1.273
1.242
1.182
1.241
1.530
1.175
1.217
1.450
1.274
1.191
1.219
1.107
1.405
1.378
1.174
1.164
1.549
1.323
1.226
1.286
1.259
1.302
1.209
1.138
1.406
1.473
1.146
1.156
1.343
1.350
1.246
1.254
1.293
1.252
1.310
1.140
1.150
1.500
1.249
1.181
1.265
1.489
1.391
1.281
1.136
1.324
1.433
1.232
1.136
1.349
1.308
1.176
1.271
1.139
1.515
1.288
1.220
1.145
1.364
1.255
1.219
1.301
1.357
1.278
1.285
1.146
1.471
1.248
1.186
1.222
1.370
1.244
1.360
1.254
1.377
1.285
1.295
1.134
1.253
1.494
1.195
1.217
1.319
1.281
1.235
1.317
1.161
1.442
1.348
1.129
1.128
1.497
1.262
1.143
1.239
1.245
1.310
1.296
1.128
1.144
1.531
1.123
1.193
1.274
1.511
1.162
1.230
1.106
1.523
1.342
1.177
1.148
1.612
1.215
1.176
1.269
1.681
1.204
1.245
1.195
1.457
1.444
1.161
1.201
1.341
1.288
1.156
1.244
1.174
1.420
1.267
1.155
1.136
1.540
1.263
1.290
1.245
1.411
1.422
1.308
1.166
1.339
1.504
1.167
1.179
1.323
1.261
1.190
1.382
1.126
1.468
1.282
1.170
1.384
1.335
1.163
1.186
1.269
1.544
1.189
1.240
1.124
1.590
1.262
1.158
1.319
1.633
1.270
1.161
1.245
1.307
1.331
1.255
1.215
1.290
1.423
1.208
1.203
1.321
1.305
1.186
1.307
1.130
1.481
1.407
1.205
1.154
1.511
1.209
1.266
1.253
1.316
1.395
1.315
1.165
1.386
1.418
1.167
1.149
1.245
1.405
1.199
1.251
1.140
1.474
1.286
1.267
1.273
1.423
1.162
1.222
1.417
1.411
1.200
1.278
1.208
1.311
1.239
1.176
1.158
1.797
1.178
1.221
1.267
1.389
1.180
1.223
1.160
1.472
1.357
1.197
1.244
1.582
1.251
1.233
1.274
1.282
1.286
1.260
1.241
1.313
1.410
1.196
1.223
1.365
1.261
1.169
1.257
1.161
1.651
1.312
1.193
1.186
1.535
1.171
1.203
1.270
1.516
1.277
1.272
1.134
1.547
1.420
1.178
1.166
1.396
1.368
1.220
1.290
1.630
1.311
1.259
1.161
1.154
1.695
1.181
1.245
1.228
1.626
1.311
1.293
1.232
1.472
1.328
1.189
1.197
1.490
1.303
1.258
1.292
1.429
1.285
1.268
1.150
1.254
1.477
1.154
1.239
1.459
1.253
1.234
1.263
1.299
1.263
1.342
1.180
1.216
1.544
1.210
1.199
1.309
1.504
1.262
1.254
1.157
1.423
1.415
1.187
1.233
1.360
1.396
1.212
1.319
1.146
1.493
1.285
1.169
1.164
1.727
1.188
1.207
1.287
1.469
1.325
1.313
1.184
1.419
1.309
1.191
1.218
1.455
1.250
1.168
1.239
1.507
1.283
1.254
1.197
1.398
1.387
1.241
1.238
1.379
1.315
1.245
1.254
1.173
1.269
1.433
1.161
1.194
1.313
1.338
1.153
1.256
1.168
1.493
1.313
1.168
1.579
1.343
1.132
1.180
1.281
1.647
1.157
1.328
1.113
1.629
1.406
1.204
1.220
1.311
1.268
1.214
1.273
1.214
1.302
1.283
1.194
1.283
1.411
1.176
1.219
1.335
1.231
1.185
1.335
1.262
1.399
1.306
1.208
1.190
1.367
1.376
1.270
1.303
1.354
1.319
1.295
1.214
1.211
1.567
1.194
1.210
1.241
1.662
1.168
1.259
1.163
1.733
1.338
1.170
1.150
1.527
1.142
1.180
1.245
1.297
1.299
1.227
