1.520
1.239
0.998
0.960
0.944
1.036
0.957
0.969
1.007
1.521
0.991
0.950
0.959
0.989
1.016
1.013
1.004
0.963
1.562
0.990
1.028
0.987
0.983
1.003
0.986
1.006
0.986
0.936
1.523
1.004
0.955
0.987
0.957
0.923
1.014
1.034
0.955
0.959
1.376
1.029
1.063
0.974
0.956
1.006
0.988
0.987
1.004
1.443
1.027
0.997
0.989
0.957
1.002
0.967
0.952
1.033
0.992
1.406
1.039
1.036
0.985
1.007
1.002
1.025
0.976
0.976
1.343
1.035
0.988
0.979
1.001
0.950
0.965
1.065
0.997
1.434
1.056
1.003
0.962
0.970
0.990
0.944
1.071
0.992
1.503
0.977
0.963
0.963
1.022
0.979
0.898
0.947
1.002
0.947
1.444
1.020
0.961
1.074
1.001
0.990
1.000
1.029
0.951
1.491
1.027
0.998
1.022
0.971
0.985
1.024
0.996
1.029
1.030
1.301
0.959
0.983
0.991
0.984
1.011
1.000
0.966
1.038
1.432
0.915
0.989
1.023
0.973
0.993
0.978
0.940
1.044
1.316
0.955
0.951
0.989
0.967
0.990
0.961
0.915
0.997
1.031
1.452
1.005
0.985
0.988
1.008
1.077
0.930
1.011
0.943
1.420
1.028
0.986
0.980
1.073
1.013
0.987
1.030
0.958
0.939
1.469
1.001
0.964
1.022
0.977
0.970
0.976
0.950
0.958
1.565
0.916
0.975
0.945
1.036
0.983
0.990
0.945
0.957
1.447
0.972
0.972
1.032
0.993
0.956
1.013
1.009
0.968
1.460
1.040
0.961
1.022
0.999
0.969
1.077
0.964
0.986
0.967
1.432
1.023
1.082
0.954
0.935
0.991
1.032
1.007
0.972
1.420
0.964
1.022
0.988
0.983
0.991
1.001
0.966
0.990
0.982
1.490
1.000
0.950
0.960
0.970
1.002
0.982
1.090
0.955
1.555
1.058
1.021
0.975
1.056
1.005
1.008
1.162
0.955
1.525
0.997
1.023
0.980
0.996
0.949
0.986
1.005
0.955
1.433
0.956
1.017
0.993
1.006
0.972
0.974
1.054
1.001
0.956
1.588
0.956
0.949
1.062
0.993
0.982
1.028
0.985
0.976
1.442
1.026
0.977
0.957
1.022
0.991
1.030
0.996
1.025
0.984
1.473
0.979
1.022
0.934
0.954
0.980
0.954
0.972
1.032
1.475
0.990
1.077
1.049
1.041
1.064
1.008
0.997
1.252
1.525
1.005
1.045
1.064
0.998
1.048
1.032
1.031
0.978
1.574
1.042
1.095
1.057
0.948
1.082
0.998
0.963
1.080
1.506
0.964
1.084
1.017
1.051
1.034
1.032
0.955
1.047
1.499
0.977
0.987
1.037
0.989
1.084
0.982
0.961
1.086
0.993
1.411
1.112
1.044
1.060
1.159
1.012
1.002
1.141
1.050
1.431
1.069
1.033
0.996
1.109
1.011
1.004
1.078
1.035
1.494
1.008
1.004
0.976
0.999
1.335
1.820
1.213
1.259
1.044
1.654
1.096
1.026
0.999
1.098
0.985
1.019
1.167
1.041
1.492
1.164
1.076
1.164
1.075
1.103
1.056
0.958
0.962
1.437
1.046
0.977
0.890
1.029
1.008
0.972
1.014
1.000
1.545
1.015
1.029
0.989
0.972
1.012
1.001
1.003
1.010
1.495
0.951
0.997
0.952
0.960
0.986
0.973
1.018
0.946
1.265
1.049
0.995
0.990
1.071
0.970
0.971
1.046
1.060
1.553
0.960
1.000
1.008
1.011
1.021
0.936
1.024
1.004
1.526
1.063
0.956
0.985
1.042
0.974
0.977
1.048
0.994
0.957
1.524
0.956
0.953
1.034
0.976
0.978
1.034
0.995
1.001
1.552
1.003
0.980
1.066
1.015
0.934
0.985
0.943
0.940
1.546
0.948
0.981
1.016
0.999
0.998
0.995
1.020
0.945
1.439
1.005
1.001
1.025
0.996
0.971
1.037
0.993
0.961
1.555
0.986
0.965
0.999
0.956
0.955
1.056
1.007
1.321
1.017
1.007
0.947
1.035
0.953
0.948
1.032
0.992
1.573
0.995
0.962
0.980
1.017
1.007
0.936
1.047
1.054
0.951
1.538
0.964
0.984
1.013
1.003
0.987
1.105
1.003
1.487
0.973
0.980
0.939
0.987
0.978
0.980
1.071
0.942
0.991
1.498
0.951
0.951
1.048
1.018
0.997
1.054
0.952
1.486
1.021
1.017
0.972
1.068
1.016
0.956
1.024
0.973
1.566
0.982
0.958
1.013
1.038
1.035
0.951
1.039
0.996
1.497
1.024
1.048
0.944
1.030
1.003
1.094
1.054
1.021
1.486
1.032
0.953
0.933
1.027
0.996
1.009
1.016
1.011
0.944
1.561
0.999
0.951
1.023
0.991
0.982
0.967
0.997
1.531
0.960
0.964
1.008
1.036
1.000
0.945
0.993
0.975
1.518
0.962
0.981
0.990
1.016
0.997
0.957
1.020
0.995
1.556
1.014
0.972
1.022
1.075
1.021
0.964
1.014
0.971
1.385
1.023
0.913
0.959
1.078
1.008
0.971
1.040
1.013
1.779
0.971
1.065
0.991
1.072
0.953
1.029
1.005
0.977
1.523
0.981
0.949
0.982
1.099
1.030
0.979
1.036
1.009
1.413
1.013
1.001
0.992
1.020
1.009
0.960
1.018
0.969
1.225
1.079
1.030
0.944
0.987
1.006
1.017
1.022
1.022
1.382
1.038
0.995
1.001
1.008
1.005
0.942
0.987
1.337
0.942
1.048
1.016
0.967
1.026
1.028
0.955
1.088
1.478
1.042
1.083
1.032
0.966
1.063
0.967
0.951
1.030
1.412
1.049
0.997
1.006
0.984
0.997
0.991
0.960
1.002
1.511
0.968
1.012
1.027
1.013
1.100
1.021
0.935
1.037
1.400
0.953
1.036
0.978
0.956
1.025
1.032
0.963
1.492
1.027
1.044
1.031
0.995
0.975
1.046
0.996
0.955
1.601
0.971
0.973
1.016
1.035
0.939
1.033
0.990
0.907
1.365
1.001
0.920
1.002
1.043
0.998
0.964
0.982
0.991
2.947
0.876
0.963
1.012
0.921
0.941
0.963
1.028
0.945
1.034
0.957
0.949
0.995
0.985
0.888
0.984
0.983
0.970
1.051
0.961
0.924
1.026
0.996
0.962
0.992
0.987
0.904
1.036
1.110
0.896
1.018
0.988
0.978
1.034
0.987
1.298
1.009
0.993
0.932
1.034
0.949
0.931
1.020
0.970
0.897
1.016
0.945
1.020
0.993
0.980
0.922
1.053
1.019
0.962
1.073
0.931
0.984
1.021
1.092
0.939
0.987
0.966
0.975
0.962
1.007
0.938
1.032
0.955
2.951
0.943
0.872
0.994
1.029
0.983
0.911
1.017
0.994
0.960
0.980
0.975
0.979
0.997
0.979
0.954
1.019
0.933
0.902
0.992
0.969
0.943
1.009
0.963
0.910
1.011
0.968
0.914
0.971
0.937
0.934
0.964
0.968
1.439
1.019
0.912
0.968
1.027
1.033
0.951
0.979
0.981
0.944
1.000
0.978
0.985
1.039
0.977
0.937
1.032
0.937
0.884
1.026
0.985
0.924
1.010
0.981
0.925
1.025
0.999
0.965
0.968
0.957
0.899
0.976
1.034
1.415
1.002
0.976
0.965
0.970
0.975
0.920
0.956
1.017
0.951
1.015
0.925
0.925
0.953
0.935
1.031
1.010
0.991
0.913
1.043
0.972
0.920
1.063
0.979
0.964
0.990
0.993
0.953
1.065
0.952
0.865
1.018
0.955
1.288
1.005
0.956
0.971
1.006
0.971
0.966
1.021
0.992
0.974
1.073
0.962
0.944
0.958
0.963
0.971
0.938
0.982
0.960
0.999
1.010
0.954
0.985
0.988
0.934
1.036
1.020
0.975
1.027
0.935
0.920
1.051
1.345
0.942
1.001
0.972
0.956
1.008
0.976
0.966
1.052
0.995
0.940
1.005
1.013
0.929
1.020
0.980
0.967
0.957
0.971
0.961
1.049
0.945
0.945
1.108
0.999
0.924
0.998
0.950
0.959
1.046
0.973
0.973
0.979
1.468
0.940
0.977
0.922
1.024
1.008
0.995
0.944
0.957
0.934
0.907
1.034
0.976
0.961
0.982
0.970
0.994
0.991
0.931
0.910
1.034
0.972
0.970
1.098
0.934
0.916
0.988
0.980
0.890
0.961
0.971
0.989
2.745
0.889
0.992
1.080
0.972
0.959
1.061
1.029
0.941
1.051
0.940
0.937
1.048
1.031
0.930
1.094
0.969
0.909
1.003
0.983
0.958
1.035
0.991
