2.023
3.014
2.040
1.895
3.061
2.067
1.908
3.076
2.021
1.995
3.061
2.015
2.219
1.995
1.987
2.969
1.922
1.957
3.032
1.934
2.077
3.070
2.000
2.005
2.994
2.029
2.029
3.055
2.005
2.005
3.004
1.882
2.060
3.057
1.976
1.963
3.120
1.910
2.053
3.036
1.908
1.899
3.106
1.944
2.393
1.858
1.906
3.097
1.935
1.866
3.108
1.822
1.898
3.140
1.949
1.930
3.096
2.123
2.059
3.062
1.854
1.871
3.119
1.843
1.880
3.057
1.813
1.847
3.083
1.919
1.841
2.392
1.917
1.832
2.478
1.831
3.132
1.998
1.859
3.104
1.987
1.844
3.072
2.037
1.836
3.062
2.036
1.854
3.049
1.993
1.829
3.024
1.993
1.841
3.058
2.017
1.873
3.052
2.009
2.318
2.021
1.995
3.108
1.937
2.140
3.057
1.983
2.016
3.075
1.894
2.023
3.025
1.864
2.110
3.025
1.967
1.993
3.029
1.990
2.008
3.040
2.096
1.929
3.078
1.881
3.090
2.289
1.810
3.081
1.926
1.859
3.060
1.892
1.820
3.115
1.826
1.860
3.064
1.861
1.940
3.058
1.811
1.837
3.073
1.885
1.908
3.084
1.924
1.871
3.045
2.040
1.900
3.075
1.890
1.925
2.261
1.894
1.938
2.268
2.027
1.886
2.288
1.906
3.018
1.971
1.870
3.108
1.970
1.903
3.104
2.001
1.853
3.065
1.952
1.895
3.062
2.057
1.904
3.077
2.005
1.807
3.057
2.010
1.913
2.981
2.016
1.836
3.081
1.981
1.873
2.999
1.982
1.806
2.298
1.967
2.999
1.954
1.894
3.082
1.980
1.953
3.083
1.958
1.939
3.141
2.022
1.981
3.064
1.998
1.999
3.039
1.964
1.984
3.045
1.881
3.098
1.870
1.832
3.080
1.857
1.877
3.091
1.886
1.947
3.085
1.889
1.921
3.098
1.811
1.896
3.074
1.873
1.904
2.477
1.896
2.251
2.130
1.842
3.016
1.972
1.949
3.029
1.946
1.828
3.091
1.962
1.832
3.078
1.962
1.876
3.057
2.004
1.895
2.380
1.965
3.074
1.911
1.955
3.025
1.935
1.970
3.065
1.959
1.908
3.103
3.077
1.924
3.149
1.938
1.977
3.021
1.844
1.993
3.101
1.942
2.296
2.026
1.806
3.122
1.920
1.910
3.174
2.011
1.927
3.063
2.029
1.882
3.089
1.938
1.907
3.109
2.004
1.895
3.118
1.920
1.882
3.095
1.832
3.030
1.995
1.824
3.056
2.073
1.826
3.072
3.062
1.845
3.040
2.018
1.895
3.060
2.008
1.809
2.204
1.973
1.887
2.395
2.019
3.064
1.939
1.955
3.044
1.917
1.956
3.111
1.966
3.231
1.846
3.154
1.842
1.925
3.120
1.959
1.975
3.155
1.924
1.981
3.132
1.888
1.992
2.508
1.926
3.128
1.993
1.884
3.029
2.026
1.861
3.056
1.987
1.865
3.077
1.925
3.034
1.924
1.881
3.029
1.924
1.975
3.121
1.918
2.037
3.005
1.946
2.000
2.976
1.947
2.417
1.923
1.879
3.098
1.896
1.912
3.142
1.902
1.931
3.143
1.877
1.827
3.147
1.918
1.851
3.135
1.862
3.094
2.019
1.817
3.141
1.987
1.839
3.114
2.090
1.889
3.065
2.086
1.817
3.034
2.022
1.797
3.073
1.923
3.017
1.901
1.968
3.052
2.020
1.962
3.061
1.958
1.962
2.993
1.937
2.049
3.047
1.872
2.380
1.883
1.900
3.126
1.825
1.842
3.150
1.889
1.904
3.198
1.969
1.826
3.087
1.872
3.076
2.046
1.934
3.046
2.000
1.791
3.064
2.035
1.910
3.124
1.958
1.909
3.011
1.998
2.253
2.004
2.001
3.037
1.895
1.934
3.085
1.917
2.238
3.042
1.897
1.935
3.013
1.971
2.438
1.904
1.865
3.110
1.985
1.954
3.129
1.869
1.942
3.126
1.850
1.873
3.114
1.862
2.231
1.981
1.826
3.065
2.028
1.858
3.097
1.948
1.772
3.060
2.036
2.980
1.995
1.986
3.058
1.959
1.949
3.048
1.909
2.019
3.038
1.970
1.959
3.062
1.874
3.110
1.864
1.933
3.168
1.885
1.868
3.144
1.851
1.889
3.131
1.933
3.041
2.083
1.873
3.093
2.057
1.872
3.056
2.007
1.892
3.049
2.070
1.913
3.096
1.923
1.841
3.051
1.945
1.894
3.076
1.980
3.096
1.963
1.963
3.082
1.925
1.968
3.039
1.879
2.014
3.058
2.003
2.367
1.896
1.968
3.190
1.900
1.812
3.139
1.872
1.884
3.142
1.827
1.942
3.155
1.851
3.055
2.092
1.831
3.047
2.073
1.926
3.030
2.010
1.895
3.076
1.949
1.850
3.041
2.046
3.040
1.938
1.977
3.024
1.899
2.013
3.048
1.939
1.868
3.032
1.945
1.954
2.955
1.907
3.076
1.867
1.900
3.130
1.930
1.872
3.100
1.872
1.877
3.171
1.860
3.112
2.034
1.816
3.087
2.033
1.887
3.091
1.965
1.876
3.080
2.077
1.843
3.048
2.019
3.059
1.986
1.974
3.110
2.010
2.036
3.070
1.866
1.905
3.022
1.872
1.983
3.067
1.881
3.128
1.934
1.894
3.147
1.904
1.929
3.174
1.801
2.053
3.121
1.863
1.860
3.149
1.833
3.073
1.974
1.910
3.102
2.008
1.884
3.084
1.944
1.898
3.132
1.936
3.034
1.997
1.940
3.019
1.943
1.960
3.012
1.896
2.041
3.063
1.911
3.105
1.877
1.899
3.127
1.873
2.016
3.126
1.810
1.944
3.111
3.047
1.892
3.135
1.887
3.029
2.048
1.946
3.058
2.046
1.849
3.093
1.956
1.828
3.047
2.003
3.072
1.954
1.969
3.142
1.931
1.911
2.990
1.919
1.985
3.050
1.949
1.933
3.034
2.008
3.126
1.859
1.946
3.179
1.862
1.899
3.162
1.831
1.852
3.167
1.898
3.066
1.939
1.905
3.061
2.030
1.819
3.052
1.938
3.041
1.916
1.956
3.103
1.966
1.975
2.995
1.971
2.020
3.060
1.869
3.121
1.869
1.925
3.144
1.857
1.942
3.146
1.908
2.011
3.102
1.825
3.046
2.036
1.938
3.061
1.964
1.991
3.041
1.936
1.869
3.039
1.938
3.000
1.948
1.862
3.046
1.965
1.934
3.038
1.942
2.084
3.005
1.884
3.176
1.936
1.898
3.109
1.859
1.946
3.119
1.878
3.075
2.006
1.894
3.072
2.070
1.875
3.058
1.985
1.820
3.024
2.003
3.005
1.948
1.951
3.032
1.860
1.972
2.994
1.853
1.998
2.076
1.970
3.137
1.882
1.919
3.138
1.897
1.869
3.149
1.895
1.902
3.161
1.809
3.075
3.089
1.836
3.030
1.960
1.897
2.997
2.154
1.883
3.090
1.974
3.024
1.897
1.969
3.020
1.893
2.059
3.050
1.868
3.111
2.017
1.861
3.168
1.974
1.928
3.110
1.898
1.912
3.125
1.938
3.091
1.994
1.857
3.066
1.966
1.894
3.029
2.060
1.866
3.053
1.981
3.019
1.959
2.010
3.064
1.932
1.862
3.058
1.919
1.962
3.013
1.891
3.094
1.923
1.985
3.112
1.948
1.891
3.105
1.894
1.880
3.114
1.954
3.079
2.010
1.869
3.074
2.010
1.874
3.044
2.050
3.042
1.937
2.017
3.088
1.942
1.996
3.015
1.977
1.986
2.991
1.976
3.081
1.963
1.891
3.125
1.916
1.880
3.157
1.792
2.032
2.470
1.874
3.098
2.063
1.920
3.084
2.066
1.901
3.064
1.979
1.843
2.151
1.982
3.029
2.027
1.976
3.012
1.905
2.039
3.046
1.877
1.951
3.006
1.933
3.150
1.875
1.948
3.142
2.039
1.932
3.137
1.800
3.074
2.067
1.849
3.063
2.190
1.906
3.078
1.990
1.852
3.021
2.014
3.048
1.844
1.971
2.984
1.955
1.975
2.992
1.864
2.063
2.285
1.866
3.159
1.899
1.894
3.106
1.852
1.989
3.117
2.017
2.422
1.932
1.866
3.111
2.067
1.886
3.069
2.030
1.926
3.014
2.023
3.047
2.044
2.112
2.999
1.873
1.916
3.018
1.855
3.101
2.015
1.886
3.114
1.927
2.026
3.113
1.873
1.885
3.068
1.930
3.047
2.047
1.809
3.098
1.942
1.842
3.115
2.029
1.822
2.417
2.046
3.058
1.915
1.963
3.087
1.885
1.931
3.057
1.934
