3.036
3.140
3.291
3.069
3.149
3.083
3.563
3.074
3.064
3.125
3.070
3.111
3.101
3.062
3.100
3.008
3.452
3.090
3.023
3.044
3.083
3.059
3.084
3.121
3.004
3.061
3.096
3.030
3.092
3.089
3.004
3.121
3.092
3.052
3.056
3.064
3.044
3.103
3.095
3.056
3.019
3.137
3.077
2.992
3.095
3.039
3.090
3.116
3.064
2.998
3.109
3.060
3.036
3.157
3.090
3.062
3.054
3.019
3.086
3.132
3.008
3.135
3.036
3.088
3.077
3.128
3.063
3.036
3.110
3.072
3.100
3.088
3.039
3.029
3.222
3.065
3.074
3.112
3.042
3.073
3.070
3.028
3.092
3.129
3.020
3.031
3.110
3.077
3.038
3.065
3.043
3.082
3.112
3.050
3.074
3.049
3.027
3.034
3.085
3.145
3.071
3.088
3.068
3.103
3.053
3.020
3.073
3.065
3.039
3.034
3.125
3.076
3.031
3.101
3.070
3.006
3.218
3.008
3.049
3.111
3.190
3.131
3.089
3.455
3.052
3.148
3.052
3.067
3.074
3.053
3.172
3.070
3.450
3.013
3.100
3.029
3.040
3.121
3.062
3.076
3.081
3.413
3.026
3.067
2.992
3.050
3.075
3.052
3.108
3.105
3.089
3.081
3.113
3.017
3.102
3.061
3.089
3.102
3.085
3.068
3.072
3.536
3.010
3.001
3.081
3.038
3.012
3.123
3.003
3.006
3.479
3.097
3.061
3.107
3.080
3.040
3.092
2.979
3.051
3.496
3.052
3.113
3.070
2.969
3.055
3.117
3.062
3.043
3.115
3.058
3.064
3.083
3.048
3.022
3.085
3.058
3.046
3.197
3.023
3.031
3.093
3.051
2.999
3.071
3.016
3.036
3.054
3.052
3.392
3.117
3.065
3.034
3.149
3.051
3.046
3.061
3.014
3.398
3.145
3.068
3.075
3.133
3.062
3.070
3.083
3.040
3.428
3.108
3.032
3.045
3.063
3.043
3.072
3.091
3.089
3.520
3.154
3.072
3.055
3.095
2.998
3.099
3.107
3.109
3.150
3.090
3.069
3.069
3.075
3.042
3.061
3.134
3.083
3.074
3.071
3.077
3.305
3.086
3.111
3.080
3.089
3.076
3.065
3.073
3.100
3.053
3.086
3.080
3.061
3.103
3.032
3.029
3.116
3.144
3.028
3.098
3.080
3.069
3.081
3.103
3.026
3.150
3.109
3.018
3.110
3.005
3.076
3.064
3.080
3.037
3.070
3.090
3.058
3.102
3.064
3.088
3.059
3.016
3.055
3.099
3.045
3.058
3.112
3.063
3.093
3.091
3.057
3.044
3.200
3.117
3.140
3.094
3.122
3.039
3.021
3.292
3.132
3.002
3.039
3.158
3.070
3.065
3.083
3.033
3.614
3.074
3.011
3.047
3.075
3.075
3.080
3.112
3.118
3.149
3.097
3.078
3.074
3.212
3.101
3.032
3.090
3.046
3.077
3.319
3.103
3.090
3.303
3.055
3.052
3.079
3.084
3.051
3.383
3.050
3.156
3.089
3.062
3.052
3.095
3.054
3.021
3.109
3.067
3.093
3.049
3.080
3.076
3.064
3.052
3.028
3.171
3.073
3.052
3.079
3.074
3.060
3.122
3.081
3.156
3.094
3.004
3.075
3.081
3.081
3.040
3.100
3.092
3.043
3.133
3.035
3.053
3.109
3.032
3.071
3.073
3.057
3.071
3.100
3.081
3.067
3.099
3.079
3.030
3.103
3.107
3.074
3.071
3.057
3.026
3.144
3.031
3.076
3.127
3.052
3.021
3.066
3.050
3.076
3.090
3.430
3.067
3.194
3.080
3.312
3.123
3.148
3.087
3.095
3.131
3.070
3.176
3.092
3.026
3.098
3.023
3.051
3.107
3.072
3.037
3.497
2.979
3.169
3.071
3.048
3.070
3.111
3.052
3.056
3.119
3.064
3.459
3.080
2.980
3.075
3.088
3.086
3.043
3.098
2.999
3.462
3.089
3.045
3.000
3.205
3.047
3.056
3.086
3.143
3.064
3.122
3.457
3.048
3.174
3.040
3.073
3.071
3.030
3.020
3.269
3.115
3.059
3.439
3.059
3.081
3.046
3.049
3.061
3.138
3.056
3.084
3.145
3.042
3.460
3.107
2.988
3.074
3.093
3.063
3.045
3.150
3.064
3.057
3.458
3.055
3.068
3.078
3.035
3.054
3.058
3.042
3.081
3.101
3.056
3.053
3.106
3.029
3.060
3.057
3.045
3.007
3.176
2.985
3.051
3.092
3.067
3.019
3.113
3.041
3.026
3.118
3.026
3.058
3.102
3.077
3.054
3.186
3.128
3.076
3.483
3.019
3.327
3.069
3.116
3.026
3.063
3.090
3.077
3.100
3.487
3.067
3.084
3.104
3.052
3.061
3.074
3.141
3.087
3.061
3.077
3.198
3.103
3.043
3.235
3.066
3.047
3.060
3.231
3.019
3.147
3.099
3.251
3.142
3.050
3.088
3.067
3.034
3.024
3.054
3.068
3.101
3.084
3.125
3.033
3.093
3.017
3.032
3.258
3.064
3.067
3.114
3.102
3.105
3.184
3.066
3.063
3.781
3.014
3.125
3.105
3.035
3.009
3.100
3.076
3.163
3.156
3.024
3.082
3.076
3.025
3.039
3.098
3.036
3.031
3.080
3.031
3.075
3.100
3.066
3.021
3.553
3.056
3.068
3.047
2.993
3.094
3.137
3.018
3.085
3.110
3.041
3.471
3.056
3.020
3.001
3.070
2.998
3.054
3.054
3.047
3.060
3.100
3.438
3.102
3.114
3.065
3.082
3.105
3.112
3.068
3.073
3.055
2.970
3.472
3.066
3.073
3.062
3.226
3.077
3.337
3.014
3.095
3.094
3.154
3.027
3.081
3.260
3.082
3.120
3.052
3.066
3.104
3.032
3.046
3.067
3.080
3.044
3.598
3.071
3.070
3.061
3.046
3.040
3.148
3.008
3.066
3.103
3.023
3.058
3.076
3.031
3.030
3.229
3.033
3.064
3.135
3.098
3.153
3.054
3.119
3.632
3.087
3.003
3.107
3.012
3.082
3.144
3.078
3.011
3.187
3.114
3.047
3.190
3.429
3.052
3.434
3.059
3.185
3.207
3.157
3.157
3.137
3.054
3.476
3.099
3.054
2.998
3.155
3.074
3.067
3.168
3.036
3.108
3.117
3.129
3.066
3.132
3.460
3.038
3.207
3.048
3.118
3.134
3.081
3.082
3.183
3.097
3.066
3.125
3.046
3.115
3.169
3.108
3.043
3.108
3.005
3.104
3.130
3.053
3.064
3.143
3.069
3.039
3.625
3.061
3.130
3.123
3.041
3.107
3.129
3.083
3.196
3.149
3.427
3.089
3.112
3.337
3.085
3.155
3.016
3.029
3.119
3.001
3.088
3.163
3.027
3.112
3.158
3.019
3.156
3.130
3.102
3.051
3.142
3.033
3.118
3.173
3.111
3.028
3.143
3.064
3.068
3.099
3.009
3.069
3.137
3.012
3.093
3.306
3.047
3.059
3.111
3.475
3.092
3.153
3.037
3.064
3.132
2.996
3.062
3.103
3.051
3.014
3.133
3.099
3.089
3.090
2.997
3.043
3.156
3.039
3.119
3.115
3.081
3.138
3.148
3.071
3.306
3.160
3.477
3.050
3.196
2.966
3.032
3.142
3.076
3.069
3.120
3.062
3.131
3.207
3.141
3.062
3.082
3.059
3.084
3.202
3.005
3.128
3.088
3.069
3.072
3.196
3.064
3.029
3.599
3.075
3.031
3.126
3.006
3.013
3.117
3.067
3.029
3.159
3.028
3.041
3.138
3.032
3.069
3.127
3.038
3.116
3.149
3.055
3.102
3.119
3.030
3.114
3.170
3.064
3.012
3.180
3.034
3.071
3.161
3.074
3.099
3.135
3.014
3.117
3.093
3.070
3.065
3.169
3.463
3.045
3.135
3.032
3.108
3.108
3.045
3.020
3.178
3.049
3.108
3.120
3.031
3.074
3.637
3.044
3.112
3.107
3.057
3.049
3.143
3.048
3.005
3.161
3.073
3.012
3.154
3.119
3.081
3.107
3.034
3.082
3.137
3.097
3.041
3.161
3.074
3.034
3.179
3.049
3.004
3.111
3.419
3.072
3.137
3.077
3.095
3.129
3.009
3.062
3.157
3.057
3.086
3.140
3.043
3.289
3.144
3.046
3.001
3.148
3.032
3.064
3.105
3.022
3.045
3.178
3.022
3.022
3.617
3.072
3.038
3.151
3.004
3.055
3.162
3.062
3.071
3.124
3.065
3.042
3.097
3.071
3.059
3.134
3.047
3.033
3.175
3.051
3.038
3.094
3.046
3.104
3.179
3.499
3.106
3.092
