1.510
1.145
1.178
1.075
1.186
1.229
1.500
1.182
1.213
1.116
1.081
1.191
1.110
1.571
1.231
1.110
1.187
1.264
1.104
1.131
1.584
1.150
1.113
1.252
1.075
1.164
1.247
1.483
1.222
1.250
1.148
1.198
1.180
1.125
1.559
1.196
1.124
1.176
1.212
1.107
1.129
1.672
1.141
1.173
1.195
1.077
1.156
1.145
1.495
1.155
1.208
1.330
1.119
1.200
1.499
1.178
1.218
1.109
1.179
1.184
1.096
1.649
1.205
1.104
1.144
1.178
1.146
1.150
1.654
1.112
1.128
1.209
1.145
1.115
1.202
1.542
1.201
1.208
1.151
1.136
1.171
1.053
1.520
1.246
1.088
1.178
1.221
1.137
1.178
1.604
1.208
1.153
1.194
1.135
1.098
1.200
1.507
1.147
1.212
1.105
1.157
1.273
1.050
1.573
1.243
1.114
1.149
1.223
1.063
1.475
1.258
1.185
1.124
1.233
1.100
1.195
1.216
1.564
1.112
1.226
1.109
1.193
1.212
1.034
1.561
1.261
1.117
1.200
1.228
1.127
1.093
1.703
1.154
1.168
1.201
1.072
1.128
1.215
1.405
1.159
1.260
1.129
1.152
1.250
1.133
1.554
1.201
1.152
1.158
1.196
1.131
1.153
1.760
1.103
1.174
1.208
1.133
1.148
1.539
1.150
1.166
1.219
1.116
1.115
1.244
1.059
1.579
1.195
1.139
1.144
1.238
1.077
1.118
1.785
1.119
1.156
1.181
1.126
1.117
1.200
1.515
1.189
1.178
1.071
1.163
1.176
1.091
1.571
1.218
1.110
1.128
1.195
1.113
1.155
1.706
1.124
1.145
1.212
1.095
1.198
1.563
1.196
1.217
1.174
1.120
1.177
1.195
1.512
1.125
1.245
1.129
1.132
1.213
1.094
1.536
1.166
1.114
1.128
1.228
1.094
1.122
1.590
1.181
1.256
1.198
1.123
1.135
1.169
1.557
1.163
1.201
1.113
1.120
1.229
1.106
1.502
1.229
1.119
1.133
1.154
1.068
1.132
1.594
1.114
1.099
1.229
1.077
1.180
1.238
1.520
1.130
1.239
1.103
1.139
1.209
1.534
1.177
1.172
1.100
1.187
1.243
1.084
1.510
1.270
1.095
1.139
1.174
1.145
1.149
1.257
1.513
1.143
1.190
1.112
1.145
1.224
1.452
1.226
1.239
1.104
1.134
1.184
1.124
1.550
1.243
1.113
1.162
1.195
1.153
1.141
1.667
1.107
1.152
1.200
1.075
1.129
1.185
1.601
1.101
1.228
1.094
1.135
1.184
1.500
1.190
1.236
1.082
1.101
1.253
1.107
1.517
1.241
1.109
1.123
1.219
1.145
1.150
1.633
1.148
1.129
1.225
1.120
1.127
1.198
1.537
1.130
1.183
1.114
1.130
1.225
1.111
1.575
1.246
1.088
1.090
1.204
1.106
1.148
1.673
1.134
1.133
1.180
1.083
1.127
1.242
1.604
1.191
1.264
1.117
1.157
1.246
1.504
1.216
1.233
1.099
1.154
1.223
1.114
1.425
1.253
1.117
1.156
1.214
1.126
1.107
1.639
1.137
1.223
1.178
1.091
1.151
1.259
1.468
1.139
1.213
1.076
1.182
1.231
1.093
1.571
1.211
1.081
1.125
1.202
1.144
1.147
1.724
1.137
1.183
1.198
1.146
1.185
1.180
1.569
1.160
1.174
1.152
1.105
1.169
1.493
1.197
1.180
1.140
1.133
1.190
1.095
1.586
1.224
1.222
1.129
1.284
1.114
1.123
1.588
1.148
1.116
1.220
1.106
1.161
1.216
1.511
1.175
1.216
1.093
1.156
1.226
1.110
1.584
1.279
1.124
1.152
1.183
1.096
1.100
1.627
1.145
1.122
1.180
1.079
1.158
1.223
1.478
1.143
1.233
1.063
1.104
1.216
1.495
1.179
1.216
1.114
1.187
1.279
1.110
1.497
1.217
1.179
1.158
1.207
1.128
1.109
1.634
1.152
1.129
1.213
1.171
1.149
1.194
1.549
1.305
1.204
1.061
1.145
1.234
1.090
1.543
1.188
1.115
1.135
1.246
1.109
1.552
1.183
1.091
1.173
1.208
1.109
1.144
1.679
1.108
1.176
1.199
1.125
1.112
1.696
1.128
1.174
1.232
1.116
1.114
1.581
1.131
1.167
1.219
1.114
1.157
1.238
1.477
1.165
1.252
1.097
1.116
1.194
1.097
1.557
1.253
1.108
1.126
1.205
1.125
1.116
1.694
1.133
1.155
1.217
1.120
1.180
1.207
1.523
1.164
1.196
1.078
1.151
1.259
1.518
1.111
1.265
1.133
1.170
1.198
1.093
1.564
1.232
1.084
1.137
1.197
1.127
1.122
1.655
1.146
1.195
1.254
1.045
1.149
1.187
1.523
1.180
1.229
1.094
1.133
1.191
1.042
1.602
1.249
1.133
1.153
1.221
1.101
1.182
1.696
1.122
1.099
1.174
1.109
1.183
1.570
1.124
1.189
1.230
1.105
1.154
1.186
1.516
1.161
1.223
1.140
1.120
1.225
1.128
1.565
1.281
1.133
1.169
1.198
1.085
1.514
1.246
1.135
1.144
1.289
1.082
1.147
1.633
1.174
1.222
1.202
1.136
1.103
1.246
1.556
1.118
1.260
1.122
1.131
1.184
1.111
1.563
1.249
1.119
1.156
1.198
1.066
1.626
1.212
1.094
1.124
1.239
1.144
1.186
1.555
1.148
1.175
1.290
1.124
1.115
1.265
1.508
1.174
1.220
1.121
1.116
1.234
1.100
1.587
1.238
1.113
1.130
1.197
1.157
1.512
1.232
1.130
1.172
1.246
1.148
1.157
1.654
1.121
1.168
1.256
1.156
1.124
1.245
1.523
1.192
1.217
1.118
1.160
1.222
1.489
1.146
1.224
1.117
1.145
1.203
1.074
1.612
1.278
1.087
1.148
1.219
1.119
1.545
1.197
1.111
1.121
1.218
1.119
1.219
1.692
1.150
1.131
1.258
1.088
1.126
1.608
1.174
1.142
1.246
1.113
1.101
1.299
1.499
1.192
1.246
1.154
1.123
1.173
1.123
1.554
1.241
1.103
1.124
1.219
1.214
1.123
1.746
1.089
1.158
1.203
1.087
1.164
1.620
1.122
1.086
1.270
1.104
1.128
1.215
1.523
1.186
1.201
1.131
1.167
1.124
1.175
1.622
1.209
1.116
1.152
1.223
1.144
1.520
1.263
1.110
1.157
1.227
1.129
1.719
1.225
1.145
1.153
1.189
1.096
1.111
1.623
1.125
1.188
1.211
1.157
1.156
1.238
1.515
1.172
1.255
1.153
1.142
1.188
1.549
1.234
1.238
1.100
1.147
1.228
1.110
1.567
1.225
1.119
1.168
1.222
1.087
1.625
1.207
1.151
1.099
1.215
1.130
1.798
1.234
1.141
1.177
1.232
1.119
1.114
1.648
1.163
1.171
1.221
1.134
1.128
1.219
1.491
1.227
1.215
1.147
1.116
1.246
1.118
1.640
1.280
1.148
1.199
1.181
1.131
1.128
1.724
1.103
1.127
1.335
1.081
1.180
1.638
1.172
1.075
1.214
1.159
1.145
1.234
1.518
1.171
1.235
1.104
1.152
1.213
1.503
1.251
1.214
1.143
1.173
1.203
1.085
1.554
1.242
1.129
1.107
1.215
1.122
1.602
1.215
1.102
1.243
1.221
1.088
1.113
1.671
1.117
1.140
1.199
1.138
1.152
1.230
1.526
1.180
1.234
1.129
1.132
1.199
1.545
1.158
1.183
1.108
1.171
1.185
1.111
1.645
1.246
1.122
1.129
1.215
1.185
1.601
1.224
1.111
1.184
1.271
1.078
1.480
1.338
1.113
1.145
1.212
1.118
1.126
1.647
1.145
1.142
1.159
1.090
1.138
1.222
1.539
1.159
1.191
1.130
1.125
1.271
1.089
1.582
1.243
1.100
1.090
1.246
1.116
1.528
1.241
1.112
1.109
1.200
1.124
1.550
1.227
1.112
1.118
1.198
1.133
1.112
1.625
1.136
1.141
1.220
1.141
1.136
1.221
1.628
1.154
1.182
1.098
1.109
1.214
1.462
1.135
1.231
1.102
1.107
1.262
1.537
1.144
1.188
1.129
1.152
1.215
1.104
1.608
1.236
1.145
1.134
1.216
1.114
1.167
1.773
1.134
1.146
1.207
1.121
1.214
1.674
1.153
1.170
1.264
1.116
1.139
1.197
1.389
1.151
1.224
1.106
1.118
1.256
1.463
1.180
1.261
1.134
1.238
1.191
1.112
1.518
1.233
1.122
1.172
1.197
1.097
1.550
1.284
1.159
1.143
1.226
1.079
1.173
1.661
1.105
