1.682
2.292
1.608
1.571
1.695
2.081
1.572
1.727
1.621
3.081
1.739
1.699
1.998
1.704
1.709
1.621
3.087
1.619
1.623
3.085
1.710
1.633
1.699
2.046
1.625
1.767
1.603
2.043
1.752
1.550
1.646
3.075
1.576
1.606
3.086
1.641
1.600
1.696
2.077
1.569
1.778
1.608
3.017
1.713
1.682
1.655
2.140
1.567
1.681
3.051
1.551
1.609
1.740
2.135
1.624
1.709
3.054
1.641
1.706
1.697
1.972
1.749
1.665
1.644
3.058
1.535
1.623
3.160
1.786
1.571
1.760
3.083
1.648
1.747
1.622
1.984
1.698
1.693
1.985
1.773
1.646
1.660
3.056
1.632
1.716
1.733
2.005
1.673
1.697
1.666
2.025
1.683
1.631
3.106
1.711
1.745
1.589
3.096
1.605
1.617
2.231
1.666
1.641
1.754
2.069
1.619
1.743
1.703
2.006
1.750
1.664
2.025
1.734
1.684
1.582
3.063
1.685
1.669
1.675
3.090
1.554
1.753
1.759
1.985
1.818
1.681
3.040
1.688
1.544
1.623
3.096
1.567
1.573
1.685
2.083
1.625
1.737
2.041
1.654
1.695
1.706
2.033
1.729
1.622
1.995
1.746
1.660
1.511
3.076
1.600
1.547
1.787
2.116
1.699
1.681
2.083
1.645
1.723
1.667
2.085
1.730
1.650
1.962
1.754
1.702
1.627
3.087
1.718
1.638
1.676
3.111
1.647
1.693
2.057
1.623
1.733
1.640
3.070
1.723
1.630
1.725
2.183
1.758
1.528
3.054
1.586
1.657
1.780
3.115
1.567
1.773
1.665
1.986
1.730
1.749
2.056
1.732
1.626
1.574
3.121
1.708
1.625
1.670
2.022
1.581
1.814
2.057
1.630
1.712
1.656
3.017
1.789
1.679
1.559
2.152
1.605
1.549
3.106
1.591
1.608
1.726
2.074
1.628
1.684
2.027
1.599
1.716
1.634
3.072
1.754
1.687
1.586
3.043
1.610
1.617
2.169
1.646
1.624
1.688
3.068
1.606
1.713
2.042
1.611
1.739
1.605
3.024
1.733
1.667
1.635
3.088
1.569
1.580
3.089
1.625
1.622
1.777
2.093
1.645
1.730
1.603
2.025
1.615
1.618
2.044
1.750
1.635
1.572
3.094
1.564
1.531
2.150
1.699
1.562
1.733
3.068
1.596
1.773
1.601
3.108
1.773
1.650
1.631
2.208
1.650
1.568
3.070
1.597
1.568
1.712
3.123
1.639
1.680
1.956
1.661
1.764
1.627
1.933
1.780
1.675
2.008
1.762
1.615
1.516
3.066
1.559
1.549
1.733
2.029
1.622
1.763
1.665
2.016
1.784
1.574
2.036
1.670
1.631
1.587
3.066
1.566
1.737
3.078
1.573
1.590
1.715
2.119
1.555
1.742
2.010
1.689
1.802
1.735
2.041
1.700
1.692
3.054
1.689
1.688
1.537
3.117
1.609
1.474
1.697
3.025
1.622
1.793
2.032
1.585
1.736
1.627
3.024
1.694
1.643
2.048
1.680
1.649
1.594
3.094
1.558
1.634
1.673
2.085
1.575
1.702
2.026
1.616
1.727
1.614
1.958
1.880
1.614
2.059
1.717
1.651
1.560
3.131
1.594
1.558
1.727
3.126
1.624
1.692
3.116
1.623
1.717
1.619
2.012
1.772
1.590
1.554
3.064
1.638
1.728
3.086
1.574
1.637
1.660
2.144
1.617
1.706
2.108
1.619
1.724
1.694
1.988
1.701
1.683
2.028
1.739
1.631
1.601
3.146
1.532
1.531
1.746
2.019
1.544
1.805
2.013
1.631
1.735
1.674
2.098
1.683
1.710
3.047
1.713
1.714
1.571
3.065
1.581
1.652
3.078
1.637
1.641
1.695
3.037
1.660
1.749
2.038
1.650
1.746
1.636
2.037
1.718
1.683
2.052
1.751
1.679
1.638
3.088
1.616
1.638
1.699
2.026
1.597
1.750
2.079
1.634
1.734
2.288
1.831
2.113
1.568
1.643
1.699
2.060
1.757
1.653
3.083
1.664
1.668
1.665
3.076
1.641
1.575
3.136
1.599
1.562
1.745
2.119
1.542
1.673
2.111
1.634
1.698
1.693
2.077
1.755
1.639
1.996
1.732
1.614
1.600
3.146
1.655
1.565
3.145
1.634
1.574
1.698
3.123
1.644
1.848
1.620
3.046
1.704
1.675
2.007
1.708
1.672
1.589
3.114
1.550
1.587
3.122
1.522
1.563
1.794
2.092
1.540
1.679
2.016
1.637
1.710
1.644
2.023
1.710
1.680
1.976
1.672
1.572
1.678
3.083
1.593
1.690
1.679
3.085
1.609
1.683
2.123
1.637
1.752
1.660
2.016
1.716
1.667
2.015
1.736
1.672
1.571
3.072
1.615
1.681
3.100
1.630
1.654
1.675
2.081
1.598
1.693
2.126
1.709
1.674
1.709
2.060
1.737
1.604
1.593
3.037
1.551
1.593
3.117
1.580
1.640
1.710
3.068
1.651
1.723
3.078
1.561
1.766
1.649
1.985
1.772
1.698
3.014
1.679
1.730
1.580
3.101
1.626
1.675
3.147
1.848
1.554
1.730
3.094
1.580
2.003
2.136
1.618
1.707
1.569
3.029
1.715
1.670
1.595
2.046
1.864
1.576
3.106
1.578
1.556
1.739
2.100
1.578
1.703
3.047
1.655
1.719
1.670
3.066
1.640
1.656
2.135
1.711
1.791
1.551
3.138
1.642
1.591
2.275
1.630
1.621
1.756
3.071
1.601
1.666
1.601
1.949
1.709
1.643
2.092
1.697
1.597
2.002
1.700
1.638
1.490
3.094
1.574
1.727
3.092
1.614
1.531
1.693
2.089
1.591
1.912
1.573
1.886
1.714
1.592
2.011
1.683
1.582
1.656
3.102
1.565
1.684
3.076
1.593
1.623
1.673
3.082
1.590
1.709
2.058
1.610
1.750
1.610
1.871
1.763
1.667
3.126
1.709
1.658
1.671
3.127
1.627
1.634
3.071
1.660
1.607
1.771
3.060
1.603
1.669
3.098
1.637
1.713
1.706
3.033
1.680
1.597
2.047
1.725
1.653
1.570
2.202
1.596
1.634
3.067
1.584
1.628
1.672
1.970
1.575
1.727
2.049
1.630
1.732
1.616
3.011
1.742
1.629
3.083
1.725
1.647
1.655
3.104
1.549
1.660
3.120
1.574
1.633
1.712
3.049
1.629
1.660
2.040
1.618
1.662
1.670
1.926
1.674
1.569
2.029
1.730
1.734
1.630
3.090
1.749
1.616
3.082
1.558
1.621
1.694
3.086
1.626
1.699
3.131
1.702
1.636
1.626
1.988
1.773
1.563
2.003
1.738
1.594
2.043
1.723
1.706
1.637
3.126
1.633
1.537
1.726
2.067
1.740
1.747
2.036
1.595
1.629
1.645
1.956
1.715
1.669
3.098
1.824
1.765
1.576
3.103
1.634
1.608
3.090
1.714
1.619
2.252
1.529
1.640
1.705
2.030
1.667
1.693
2.129
1.538
1.772
1.631
2.026
1.746
1.704
1.966
1.717
1.651
1.653
3.100
1.634
1.615
3.090
1.659
1.587
1.681
2.064
1.595
1.690
3.058
1.582
1.732
1.668
1.890
1.727
1.605
3.032
1.737
1.606
1.634
2.254
1.704
1.679
3.095
1.594
1.675
1.668
3.088
1.648
1.745
2.027
1.673
1.706
1.654
3.078
1.698
1.642
3.138
1.676
1.648
1.602
3.121
1.677
1.692
3.096
1.553
1.531
3.122
1.614
1.686
1.696
2.116
1.583
1.852
1.711
2.065
1.678
1.649
1.987
1.704
1.680
2.030
1.714
1.652
1.655
3.071
1.623
1.597
1.791
2.041
1.622
1.805
2.086
1.661
1.686
2.028
1.704
1.699
1.657
2.072
1.720
1.681
2.019
1.688
1.643
1.622
3.072
1.578
1.710
3.103
1.609
1.651
1.739
3.103
1.662
1.692
1.972
1.622
1.716
1.620
3.091
1.722
1.624
2.008
1.678
1.672
2.036
1.702
1.599
1.616
3.059
1.590
1.624
3.120
1.597
1.709
1.752
2.032
1.608
1.783
2.082
1.641
1.682
1.599
3.031
1.678
1.675
1.997
1.694
1.738
1.639
3.090
1.614
1.671
3.094
1.613
1.633
1.689
2.048
1.700
1.711
3.104
1.720
1.692
3.131
1.639
1.708
1.651
1.940
1.701
1.786
3.166
1.693
1.715
1.671
3.104
1.657
1.632
3.113
1.632
1.614
1.741
2.028
1.563
1.761
2.081
1.722
1.741
2.063
1.722
1.735
1.612
1.965
1.719
1.678
1.984
1.696
1.676
1.713
3.114
