1.056
1.060
1.000
1.010
0.968
1.027
1.409
1.009
1.047
1.031
1.070
1.005
0.997
1.044
1.020
1.509
1.011
1.045
1.042
1.059
1.034
1.025
1.085
1.073
1.499
1.054
1.059
1.053
1.049
1.043
1.084
1.092
1.079
1.449
1.029
1.061
1.080
1.085
1.032
1.037
1.138
1.086
1.465
1.006
1.054
1.044
1.019
1.006
1.025
1.073
1.088
1.468
1.016
1.045
1.011
0.995
1.057
1.028
1.002
1.020
1.397
1.058
1.024
1.082
1.026
1.078
1.035
1.004
1.025
1.417
1.046
1.053
1.048
1.040
1.040
1.031
1.011
1.052
1.504
1.099
1.000
1.028
1.051
1.031
1.080
1.035
1.065
1.508
1.051
1.045
1.026
1.042
0.985
0.999
1.043
1.041
1.477
1.037
0.970
1.015
1.050
1.024
1.031
1.007
1.046
1.466
1.053
1.045
1.063
0.996
1.081
1.032
1.030
1.046
1.499
1.020
0.985
0.998
1.010
1.058
1.046
1.038
1.008
1.533
1.084
1.031
0.979
1.044
1.008
1.044
1.080
1.045
1.320
1.016
1.024
1.004
1.029
1.044
1.075
1.003
1.070
1.453
1.063
1.075
0.986
1.009
1.076
1.036
1.063
1.040
1.398
1.109
0.976
1.024
1.003
1.021
1.016
1.005
1.043
1.413
1.074
1.035
1.042
1.007
1.024
1.040
1.006
1.009
1.427
1.042
1.037
1.088
0.973
1.049
1.033
1.039
1.045
1.427
1.048
1.054
1.017
1.055
1.042
0.991
1.061
1.018
1.455
1.031
1.053
1.084
0.975
1.033
1.009
1.068
1.054
1.528
1.093
1.032
1.034
1.065
1.072
1.051
1.054
1.045
1.427
1.014
1.038
1.068
1.001
1.040
1.015
1.041
1.024
1.406
1.053
1.029
1.065
1.032
1.045
1.074
0.992
1.106
1.449
1.012
1.012
1.068
1.014
1.049
1.009
1.037
1.012
1.445
1.067
1.053
1.065
1.006
1.060
1.102
1.009
1.052
1.427
1.036
1.062
1.084
0.993
1.101
1.032
1.025
1.089
1.448
1.038
1.039
1.034
1.070
1.096
1.048
1.034
1.089
1.634
1.018
1.054
1.011
1.115
1.057
1.013
0.988
1.108
1.400
1.050
1.017
1.032
1.028
1.041
0.984
1.000
1.018
1.489
1.014
1.038
1.110
1.041
1.051
1.069
0.986
1.007
1.412
1.018
0.960
1.011
1.042
1.059
1.040
1.018
0.989
1.357
1.056
1.055
1.023
1.004
1.067
1.021
0.997
1.578
0.988
1.038
1.032
1.086
1.041
1.000
1.067
1.029
1.550
1.000
1.008
1.057
1.023
1.034
1.034
1.029
1.011
1.466
0.957
1.050
1.086
1.072
0.990
1.039
1.062
1.004
1.517
1.042
1.012
1.037
1.007
1.026
1.013
1.077
0.997
1.505
1.009
1.009
1.188
1.011
1.015
1.063
1.010
1.043
1.531
1.067
1.028
1.013
1.018
1.026
1.040
1.084
1.011
1.592
0.970
1.004
1.029
1.030
1.035
1.037
1.031
1.039
1.693
0.943
0.999
1.053
1.033
0.991
1.068
1.084
1.002
1.637
0.973
1.032
1.061
1.082
0.997
1.040
1.040
1.593
1.014
1.027
1.011
1.021
1.023
0.989
1.066
1.006
1.508
1.055
1.085
1.018
1.030
1.049
1.009
1.101
0.996
1.578
1.021
1.036
0.994
1.071
1.028
1.000
1.014
0.995
1.450
1.076
1.035
1.054
1.022
1.073
1.044
1.076
1.001
1.495
1.102
1.026
0.998
1.074
1.064
1.015
1.054
1.077
1.459
1.070
1.060
0.996
1.015
1.065
1.022
1.032
1.015
1.447
1.031
1.024
1.039
1.026
1.034
1.012
1.044
0.993
1.586
1.060
1.003
1.013
1.035
1.047
1.059
1.052
0.992
1.469
1.091
1.036
0.971
1.022
1.021
1.072
1.001
1.437
1.141
0.999
1.046
0.999
1.049
1.038
1.080
1.011
1.423
1.036
1.108
1.047
1.098
1.063
1.071
0.978
1.067
1.414
1.012
1.052
1.049
1.010
1.101
1.025
1.042
1.011
1.420
1.037
1.058
1.010
1.046
1.013
1.029
1.017
1.056
1.392
1.026
1.042
1.000
1.028
1.037
1.027
1.022
1.069
1.490
1.015
1.011
1.032
1.009
1.059
0.985
1.000
1.536
1.033
1.011
0.998
1.018
1.045
1.037
1.037
1.028
1.500
1.024
1.020
1.064
1.038
1.043
1.086
1.098
0.986
1.568
1.073
1.045
1.009
1.038
1.015
1.050
1.033
1.049
1.634
1.017
1.018
1.047
1.000
1.069
1.022
1.018
0.970
1.566
1.017
1.004
1.047
1.018
1.048
1.039
1.041
1.009
1.604
1.008
1.020
1.052
1.050
1.073
1.040
1.043
1.503
1.031
1.040
1.007
1.082
1.035
1.034
1.016
1.010
1.464
1.033
1.053
1.017
1.028
1.060
1.015
1.086
1.062
1.403
1.040
1.039
1.158
1.088
1.013
1.042
1.028
1.011
1.472
1.075
1.076
1.035
1.031
1.019
0.977
1.028
1.483
1.021
1.041
1.002
0.987
1.037
1.010
1.065
1.060
1.411
1.057
1.041
1.023
0.965
1.037
1.001
1.049
0.990
1.506
1.042
1.013
1.028
1.031
1.021
1.038
1.028
1.579
0.976
1.067
1.025
1.078
1.022
1.035
1.020
0.994
1.600
0.958
1.052
1.047
1.039
1.001
1.016
1.080
1.042
1.581
0.975
1.035
1.058
1.064
0.972
1.023
1.004
1.015
1.396
1.034
1.019
1.017
1.089
1.016
1.098
1.033
1.023
1.603
1.021
1.012
1.089
1.052
1.000
1.065
1.169
1.555
1.006
1.013
1.047
1.064
1.032
1.014
1.079
1.010
1.579
1.064
1.076
1.051
1.107
1.042
0.986
1.052
0.996
1.552
1.002
1.038
1.041
1.055
1.083
1.026
1.113
1.098
1.473
1.021
1.020
1.036
1.070
0.987
1.048
1.037
1.462
1.049
1.066
1.065
1.055
1.042
1.006
1.014
1.024
1.456
1.007
1.001
1.003
1.065
1.040
1.000
1.015
1.038
1.352
0.976
0.993
1.003
1.016
1.019
1.036
0.971
1.617
1.000
1.052
1.040
1.015
1.000
1.076
1.019
1.545
1.013
1.066
1.013
1.032
1.044
1.006
1.059
1.036
1.613
1.027
1.050
1.044
1.045
1.068
1.024
1.079
1.015
1.543
1.029
1.063
1.067
1.023
1.017
1.059
1.066
1.043
1.474
0.987
1.008
1.002
1.064
1.050
1.109
1.059
1.411
1.039
1.002
1.019
1.031
1.034
1.028
1.029
1.043
1.372
1.006
1.026
1.007
1.013
1.079
1.048
1.056
1.597
0.985
1.045
1.075
1.059
0.993
1.082
1.029
1.013
1.513
1.023
1.050
1.030
1.033
1.000
1.045
1.042
0.990
1.540
1.070
1.024
1.041
1.011
1.004
1.055
1.073
1.030
1.554
1.033
1.050
1.025
0.996
1.027
1.094
0.979
1.595
1.022
1.096
1.013
1.026
1.043
0.998
1.046
1.175
1.411
1.026
1.012
1.032
1.011
1.020
1.025
1.085
1.079
1.347
1.070
1.065
1.001
1.099
1.009
0.987
1.016
1.442
1.053
1.039
1.054
1.068
1.074
1.035
1.035
1.039
1.312
1.022
1.040
1.055
1.053
1.106
0.999
1.001
1.048
1.465
1.012
1.097
1.009
0.996
1.121
1.031
0.976
1.547
0.966
0.990
1.013
1.041
1.047
1.071
1.043
1.050
1.646
0.961
1.159
1.028
1.035
0.998
1.075
1.010
1.519
1.073
0.983
1.022
1.022
1.017
1.025
1.043
1.412
1.064
1.074
1.001
1.090
1.079
1.041
1.023
1.065
1.541
1.016
1.111
1.013
1.091
1.119
1.010
1.050
1.136
1.467
1.054
1.036
1.007
1.030
1.067
1.023
1.052
1.607
0.975
1.017
1.072
1.069
1.000
1.053
1.008
1.016
1.646
0.939
0.993
1.026
1.069
1.057
1.057
1.040
1.557
1.105
1.068
1.052
1.069
1.060
1.066
1.021
1.047
1.428
1.113
1.016
1.003
1.042
1.076
1.024
1.057
1.445
1.057
1.091
1.038
1.088
1.053
1.026
1.092
1.117
1.485
1.018
0.982
1.073
1.100
1.040
1.052
0.993
1.530
1.087
1.011
1.023
1.069
0.974
1.035
1.057
0.972
1.601
1.022
1.082
0.969
1.028
1.040
0.999
1.029
