7.772
5.738
5.381
4.501
3.930
4.192
3.553
3.900
3.379
4.008
3.305
3.802
3.369
3.665
3.238
3.830
3.181
3.695
3.269
3.929
3.227
3.569
3.193
3.633
3.247
3.424
3.242
3.792
3.167
5.231
3.327
3.404
3.209
3.421
3.158
3.452
3.266
3.332
3.621
3.611
3.713
3.465
3.836
3.128
3.960
3.282
3.513
3.150
4.098
3.443
3.250
3.150
3.232
3.115
3.347
3.151
3.125
3.172
3.253
3.171
3.358
3.182
3.303
3.195
3.221
3.144
3.187
3.268
3.159
3.220
3.145
3.166
3.157
3.328
3.108
3.356
3.149
3.152
3.242
3.198
3.188
3.276
3.065
3.185
3.157
3.140
3.102
3.920
3.136
3.672
3.165
3.632
3.301
3.393
3.128
3.740
3.242
3.479
3.483
3.768
4.099
5.261
5.346
5.121
3.174
3.143
3.542
3.120
3.249
3.158
3.151
3.162
3.136
3.188
3.192
3.137
3.140
3.129
3.185
3.116
3.251
3.073
3.121
3.148
3.208
3.112
3.212
3.119
3.332
3.183
3.339
3.215
3.269
3.139
3.113
3.255
3.217
3.118
3.633
3.167
3.080
3.555
3.262
3.377
3.207
3.319
3.133
3.496
3.108
3.709
3.329
4.061
3.644
3.795
3.703
3.925
3.765
4.159
3.155
3.268
3.056
3.088
3.163
3.303
3.142
3.187
3.113
3.097
3.244
3.165
3.116
3.203
3.108
3.177
3.180
3.107
3.503
3.120
3.166
3.102
3.188
3.171
3.107
3.140
3.158
3.098
3.132
3.048
3.203
3.187
3.139
3.122
3.278
3.121
3.113
3.120
3.617
3.160
3.717
3.282
3.569
3.149
3.619
3.195
3.488
3.078
3.899
3.261
4.212
3.753
4.710
5.139
3.911
3.617
3.061
3.187
3.113
3.179
3.089
3.190
3.161
3.102
3.156
3.090
3.091
3.213
3.114
3.174
3.113
3.133
3.118
3.180
3.207
3.130
3.131
3.194
3.141
3.146
3.135
3.355
3.145
3.199
3.123
3.366
3.211
3.116
3.150
3.147
3.515
3.113
3.464
3.133
3.175
3.081
3.475
3.245
3.085
3.205
3.606
3.153
3.550
3.244
3.605
3.359
3.466
3.414
3.910
3.665
3.532
3.122
3.182
3.072
3.165
3.194
3.124
3.141
3.163
3.143
3.167
3.111
3.109
3.159
3.163
3.095
3.492
3.162
3.199
3.522
3.209
3.227
3.097
3.181
3.181
3.097
3.153
3.242
3.135
3.083
3.049
3.157
3.132
3.103
3.152
3.167
3.052
3.155
3.140
3.099
3.171
3.151
3.038
3.451
3.200
3.246
3.111
3.346
3.069
3.453
3.295
3.574
3.274
3.474
3.299
3.792
3.627
3.248
3.153
3.137
3.470
3.125
3.203
3.096
3.376
3.130
3.146
3.059
3.129
3.148
3.210
3.106
3.145
3.081
3.186
3.117
3.098
3.168
3.221
3.136
3.229
3.121
3.142
3.165
3.133
3.074
3.302
3.165
3.201
3.193
3.103
3.175
3.222
3.081
3.223
3.125
3.134
3.149
3.174
3.196
3.126
3.159
3.136
3.186
3.137
3.652
3.300
3.429
3.185
3.766
3.226
3.943
4.084
3.250
3.152
3.173
3.176
3.156
3.123
3.133
3.102
3.097
3.147
3.167
3.092
3.161
3.144
3.167
3.103
3.243
3.141
3.108
3.105
3.144
3.146
3.116
3.062
3.373
3.078
3.172
3.160
3.092
3.161
3.162
3.141
3.205
3.169
3.058
3.129
3.140
3.092
3.361
3.231
3.544
3.121
3.164
3.497
3.093
3.237
3.060
3.199
3.129
3.410
3.171
3.572
3.204
3.390
3.394
3.515
3.109
3.245
3.086
3.153
3.103
3.181
3.194
3.282
3.054
3.140
3.141
3.070
3.114
3.198
3.175
3.195
3.197
3.162
3.155
3.237
3.099
3.237
3.157
3.167
3.139
3.239
3.078
3.169
3.132
3.169
3.132
3.164
3.105
3.176
3.166
3.255
3.105
3.234
3.106
3.186
3.247
3.119
3.494
3.174
3.160
3.120
3.141
3.155
3.333
3.415
3.534
3.126
3.336
3.090
3.981
3.178
3.857
3.069
3.211
3.234
3.156
3.178
3.084
3.073
3.288
3.117
3.250
3.136
3.090
3.082
3.255
3.164
3.201
3.091
3.141
3.121
3.253
3.114
3.451
3.128
3.186
3.231
3.205
3.105
3.211
3.132
3.132
3.107
3.281
3.132
3.127
3.116
3.139
3.190
3.267
3.128
3.110
3.228
3.249
3.127
3.219
3.100
3.159
3.148
3.156
3.130
3.391
3.118
3.129
3.836
3.055
3.541
3.184
3.297
3.068
3.314
3.042
3.260
3.124
3.175
3.095
3.142
3.114
3.163
3.155
3.360
3.103
3.206
3.138
3.149
3.187
3.070
3.131
3.302
3.117
3.097
3.135
3.125
3.167
3.175
3.063
3.159
3.117
3.077
3.181
3.262
3.082
3.224
3.094
3.280
3.152
3.189
3.117
3.199
3.194
3.169
3.129
3.304
3.100
3.193
3.154
3.740
3.131
3.352
3.287
3.474
3.533
4.022
3.928
3.762
3.098
3.146
3.184
3.227
3.155
3.155
3.090
3.155
3.099
3.121
3.211
3.129
3.128
3.138
3.574
3.145
3.168
3.087
3.272
3.103
3.120
3.076
3.136
3.134
3.113
3.105
3.296
3.034
3.049
3.141
3.257
3.103
3.208
3.075
3.180
3.184
3.199
3.094
3.288
3.089
3.203
3.147
3.105
3.072
3.283
3.139
3.093
3.130
3.759
3.257
3.692
3.792
5.125
4.439
5.056
3.069
3.206
3.132
3.083
3.165
3.197
3.151
3.124
3.112
3.490
3.170
3.209
3.169
3.593
3.160
3.244
3.155
3.255
3.101
3.279
3.054
3.100
3.226
3.157
3.104
3.374
3.104
3.247
3.206
3.236
3.191
3.165
3.096
3.648
3.155
3.097
3.067
3.187
3.070
3.106
3.175
3.216
3.185
3.692
3.058
3.538
3.363
3.460
4.086
3.525
5.311
4.256
5.389
3.277
3.276
3.160
3.257
3.057
3.388
3.137
3.143
3.109
3.337
3.074
3.258
3.052
3.114
3.155
3.068
3.099
3.105
3.043
3.301
3.134
3.251
3.134
3.122
3.088
3.184
3.124
3.240
3.117
3.507
3.108
3.345
3.127
3.139
3.090
3.250
3.094
3.232
3.171
3.093
3.047
3.475
3.127
3.548
3.136
3.694
3.255
3.736
3.107
3.519
3.516
4.279
3.439
4.240
4.080
3.634
3.181
3.101
3.100
3.165
3.109
3.278
3.116
3.070
3.090
3.246
3.035
3.126
3.143
3.069
3.051
3.444
3.034
3.128
3.121
3.129
3.209
3.397
3.083
3.302
3.145
3.263
3.161
3.452
3.099
3.154
3.094
3.082
3.165
3.126
3.085
3.406
3.210
3.201
3.086
3.303
3.101
3.186
3.141
3.187
3.160
3.790
3.079
4.112
3.449
4.249
4.065
4.254
4.184
5.098
3.145
3.206
3.124
3.257
3.098
3.130
3.164
3.191
3.092
3.467
3.118
3.165
3.154
3.149
3.134
3.173
3.112
3.105
3.151
3.081
3.100
3.183
3.087
3.109
3.142
3.189
3.076
3.287
3.008
3.660
3.134
3.382
3.123
3.314
3.075
3.203
3.144
3.320
3.080
3.391
3.118
3.176
3.210
3.144
3.141
3.371
3.121
4.020
3.781
4.564
3.689
5.946
5.110
5.238
3.146
3.151
3.065
3.214
3.096
3.200
3.151
3.130
3.103
3.292
3.026
3.439
3.101
3.115
3.135
3.079
3.066
3.190
3.168
3.271
3.102
3.126
3.117
3.083
3.107
3.123
3.105
3.154
3.109
3.672
3.250
3.070
3.109
3.193
3.094
3.150
3.101
3.214
3.050
3.443
3.065
3.155
3.167
3.215
3.117
3.423
3.069
3.367
3.172
3.371
3.346
3.802
3.456
4.285
3.780
4.423
3.238
3.289
3.047
3.101
3.127
3.120
3.143
3.134
3.122
3.110
3.120
3.132
3.097
3.095
3.121
3.079
3.199
3.171
3.082
3.221
3.150
3.042
3.131
3.135
3.120
3.233
3.093
3.110
3.154
3.098
3.094
3.120
3.100
3.187
3.247
3.096
3.060
3.252
3.105
3.252
3.160
3.114
3.593
3.114
3.150
3.025
3.214
3.213
4.390
3.753
4.327
3.685
3.936
3.749
4.343
3.700
3.140
3.074
3.104
3.170
3.344
3.118
3.101
3.162
3.187
