1.543
1.223
1.038
1.078
1.116
1.115
1.188
1.197
1.523
1.048
1.142
1.163
1.104
1.154
1.082
1.543
1.168
1.032
1.093
1.153
1.157
1.062
1.631
1.089
1.089
1.145
1.114
1.059
1.114
1.534
1.110
1.174
1.140
1.105
1.166
1.090
1.134
1.662
1.081
1.098
1.162
1.173
1.135
1.094
1.529
1.230
1.368
1.153
1.108
1.152
1.138
1.498
1.155
1.181
1.114
1.198
1.134
1.118
1.637
1.080
1.084
1.128
1.051
1.081
1.142
1.561
1.123
1.151
1.088
1.161
1.164
1.141
1.515
1.204
1.044
1.056
1.180
1.082
1.088
1.653
1.097
1.090
1.157
1.120
1.107
1.281
1.510
1.168
1.171
1.047
1.095
1.281
1.047
1.075
1.674
1.065
1.113
1.190
1.184
1.109
1.179
1.482
1.123
1.202
1.060
1.074
1.162
1.153
1.490
1.155
1.162
1.088
1.202
1.154
1.106
1.706
1.104
1.105
1.150
1.173
1.080
1.149
1.570
1.071
1.221
1.155
1.108
1.243
1.044
1.497
1.183
1.246
1.085
1.180
1.180
1.122
1.715
1.068
1.121
1.216
1.113
1.192
1.151
1.663
1.120
1.142
1.169
1.084
1.182
1.177
1.093
1.682
1.159
1.087
1.210
1.035
1.119
1.152
1.567
1.127
1.161
1.120
1.087
1.150
1.104
1.547
1.126
1.163
1.075
1.224
1.050
1.106
1.664
1.100
1.093
1.196
1.110
1.070
1.157
1.509
1.122
1.239
1.126
1.136
1.151
1.100
1.132
1.630
1.109
1.125
1.284
1.091
1.118
1.151
1.551
1.118
1.207
1.064
1.132
1.216
1.064
1.477
1.277
1.041
1.088
1.165
1.160
1.077
1.157
1.530
1.116
1.155
1.196
1.047
1.189
1.150
1.539
1.259
1.047
1.102
1.191
1.116
1.090
1.715
1.116
1.089
1.224
1.094
1.090
1.217
1.448
1.201
1.232
1.105
1.114
1.161
1.144
1.523
1.255
1.077
1.193
1.220
1.162
1.094
1.123
1.585
1.172
1.170
1.133
1.104
1.179
1.150
1.479
1.201
1.133
1.075
1.205
1.149
1.090
1.679
1.124
1.085
1.146
1.134
1.094
1.164
1.571
1.088
1.155
1.130
1.120
1.132
1.152
1.526
1.197
1.035
1.104
1.261
1.100
1.132
1.643
1.104
1.142
1.208
1.186
1.128
1.142
1.513
1.124
1.143
1.183
1.155
1.175
1.146
1.464
1.208
1.165
1.135
1.126
1.157
1.084
1.156
1.603
1.078
1.143
1.135
1.089
1.147
1.117
1.515
1.244
1.087
1.100
1.164
1.128
1.106
1.638
1.065
1.071
1.161
1.156
1.085
1.132
1.515
1.133
1.151
1.158
1.090
1.219
0.990
1.064
1.732
1.028
1.101
1.205
1.043
1.091
1.131
1.517
1.095
1.192
1.172
1.145
1.173
1.139
1.612
1.189
1.022
1.106
1.159
1.137
1.072
1.646
1.073
1.067
1.188
1.082
1.073
1.177
1.531
1.105
1.152
1.127
1.069
1.233
1.092
1.527
1.163
1.114
1.122
1.199
1.118
1.154
1.701
1.062
1.086
1.173
1.145
1.098
1.186
1.555
1.098
1.283
1.070
1.128
1.168
1.168
1.474
1.214
1.140
1.124
1.136
1.178
1.097
1.700
1.084
1.082
1.190
1.113
1.119
1.150
1.498
1.078
1.213
1.187
1.056
1.156
1.183
1.080
1.596
1.106
1.105
1.192
1.113
1.059
1.143
1.569
1.146
1.175
1.102
1.124
1.149
1.107
1.532
1.191
1.144
1.084
1.190
1.159
1.077
1.632
1.042
1.119
1.170
1.123
1.048
1.134
1.566
1.109
1.154
1.139
1.120
1.221
1.159
1.491
1.281
1.064
1.095
1.158
1.125
1.116
1.637
1.080
1.076
1.156
1.126
1.056
1.223
1.135
1.546
1.194
1.072
1.054
1.138
1.098
1.068
1.695
1.071
1.072
1.127
1.162
1.215
1.117
1.572
1.111
1.172
1.144
1.091
1.142
1.143
1.462
1.193
1.171
1.069
1.162
1.116
1.054
1.671
1.048
1.067
1.169
1.112
1.066
1.182
1.529
1.135
1.292
1.133
1.086
1.159
1.109
1.484
1.181
1.141
1.068
1.196
1.156
1.103
1.716
1.055
1.100
1.197
1.125
1.136
1.132
1.548
1.139
1.127
1.149
1.080
1.201
1.117
1.506
1.171
1.178
1.087
1.157
1.136
1.107
1.654
1.050
1.092
1.162
1.201
1.122
1.189
1.578
1.129
1.241
1.142
1.043
1.215
1.177
1.538
1.230
1.143
1.148
1.207
1.121
1.135
1.655
1.149
1.083
1.180
1.139
1.089
1.175
1.568
1.113
1.190
1.207
1.093
1.194
1.132
1.490
1.209
1.238
1.113
1.154
1.175
1.069
1.583
1.155
1.074
1.225
1.148
1.109
1.216
1.161
1.495
1.200
1.141
1.168
1.098
1.131
1.069
1.699
1.075
1.085
1.157
1.137
1.129
1.113
1.567
1.084
1.159
1.135
1.070
1.208
1.153
1.529
1.187
1.124
1.126
1.174
1.112
1.073
1.698
1.058
1.051
1.209
1.190
1.095
1.152
1.553
1.081
1.210
1.143
1.083
1.170
1.156
1.508
1.221
1.176
1.069
1.163
1.159
1.106
1.708
1.110
1.079
1.202
1.144
1.066
1.357
1.447
1.235
1.155
1.092
1.200
1.127
1.044
1.676
1.127
1.057
1.227
1.204
1.080
1.192
1.558
1.102
1.168
1.124
1.077
1.158
1.093
1.491
1.249
1.139
1.085
1.237
1.211
1.049
1.620
1.256
1.081
1.154
1.137
1.070
1.221
1.581
1.109
1.143
1.167
1.136
1.191
1.167
1.502
1.215
1.166
1.105
1.178
1.174
1.112
1.715
1.163
1.114
1.182
1.162
1.091
1.223
1.622
1.101
1.170
1.209
1.229
1.198
1.130
1.516
1.205
1.141
1.081
1.160
1.236
1.062
1.657
1.181
1.105
1.151
1.180
1.064
1.239
1.595
1.100
1.155
1.164
1.070
1.202
1.137
1.471
1.243
1.133
1.080
1.211
1.249
1.069
1.729
1.126
1.059
1.245
1.165
1.114
1.150
1.597
1.082
1.211
1.158
1.092
1.148
1.227
1.461
1.175
1.145
1.083
1.238
1.139
1.042
1.674
1.187
1.040
1.236
1.182
1.100
1.169
1.544
1.106
1.140
1.166
1.071
1.184
1.171
1.539
1.328
1.152
1.097
1.165
1.192
1.119
1.719
1.191
1.071
1.144
1.209
1.114
1.216
1.524
1.135
1.194
1.159
1.137
1.251
1.222
1.484
1.203
1.194
1.076
1.160
1.160
1.046
1.672
1.166
1.065
1.236
1.179
1.076
1.199
1.587
1.071
1.206
1.147
1.056
1.209
1.146
1.462
1.181
1.188
1.061
1.192
1.175
1.081
1.687
1.135
1.101
1.162
1.236
1.171
1.215
1.573
1.080
1.180
1.281
1.152
1.239
1.122
1.346
1.197
1.177
1.058
1.170
1.148
1.082
1.447
1.163
1.075
1.246
1.174
1.065
1.142
1.631
1.094
1.216
1.137
1.097
1.223
1.156
1.453
1.261
1.178
1.100
1.212
1.177
1.080
1.631
1.138
1.075
1.241
1.168
1.051
1.210
1.575
1.073
1.178
1.168
1.114
1.125
1.172
1.481
1.183
1.152
1.102
1.232
1.166
1.121
1.602
1.153
1.096
1.270
1.149
1.105
1.223
1.737
1.082
1.150
1.218
1.124
1.224
1.167
1.508
1.191
1.201
1.079
1.119
1.212
1.113
1.671
1.118
1.088
1.206
1.123
1.034
1.237
1.543
1.058
1.185
1.141
1.051
1.192
1.146
1.460
1.224
1.156
1.031
1.127
1.150
1.033
1.473
1.153
1.082
1.136
1.160
1.083
1.161
1.658
1.063
1.182
1.132
1.028
1.183
1.151
1.510
1.213
1.165
1.082
1.170
1.114
1.033
1.527
1.121
1.119
1.152
1.179
1.080
1.138
1.797
1.111
1.126
1.167
1.032
1.129
1.096
1.482
1.209
1.131
1.056
1.135
1.143
1.070
1.715
1.092
1.085
1.161
1.197
1.047
1.184
1.607
1.073
1.212
1.191
1.039
1.195
1.565
1.117
1.156
1.197
1.036
1.184
1.621
1.049
1.086
1.143
1.069
1.147
1.162
1.525
1.208
1.093
1.048
1.132
1.187
1.105
1.750
1.077
1.058
1.197
1.184
1.029
1.154
1.637
1.063
1.197
