3.062
3.127
3.062
3.085
3.104
3.038
3.054
3.186
2.999
3.057
3.118
3.060
3.037
3.097
3.045
3.020
3.125
3.105
3.060
3.169
3.074
2.996
3.111
3.041
3.074
3.100
3.033
3.035
3.154
3.082
3.069
3.146
3.075
3.112
3.093
3.018
3.108
3.210
3.052
2.988
3.172
3.062
3.026
3.176
3.022
3.045
3.170
3.031
3.063
3.141
3.093
3.031
3.193
2.997
3.098
3.139
3.046
3.050
3.171
3.020
3.062
3.161
2.960
3.020
3.104
3.011
3.059
3.110
3.023
3.025
3.172
3.087
3.054
3.146
3.016
3.048
3.064
3.091
3.083
3.043
3.074
3.070
3.012
3.041
3.039
3.033
3.058
3.182
3.040
3.059
3.074
3.015
3.155
3.155
2.970
3.067
3.029
3.019
3.073
3.028
2.999
3.055
3.073
3.079
3.078
3.063
3.027
3.062
3.118
3.014
3.027
3.066
3.006
3.026
3.095
3.031
3.058
3.051
3.030
3.074
3.121
3.026
3.044
3.105
3.027
3.061
3.071
3.081
3.051
3.121
3.042
3.005
3.040
2.949
3.079
3.104
3.027
3.067
3.121
3.031
3.062
3.129
3.031
3.011
3.068
3.011
3.084
3.077
2.996
2.993
3.088
3.000
3.045
3.064
2.983
3.020
3.077
3.057
3.032
3.136
3.028
3.048
3.090
3.025
3.075
3.100
3.013
3.034
3.063
3.022
3.086
3.042
2.986
3.053
3.089
3.069
3.045
3.091
3.077
3.050
3.189
2.971
3.122
3.059
3.010
3.025
3.086
2.977
3.055
3.055
3.002
3.067
3.118
3.063
3.033
3.070
3.043
3.080
3.152
3.025
2.998
3.084
3.057
3.055
3.098
3.048
3.025
3.078
3.013
3.015
3.055
3.031
3.098
3.112
3.048
3.022
3.159
3.030
3.077
3.074
3.026
3.041
3.073
3.036
3.031
3.073
3.054
2.984
3.131
3.056
3.077
3.033
3.012
3.021
3.115
3.022
3.049
3.130
3.033
3.003
3.087
3.068
3.017
3.086
3.030
3.073
3.103
3.043
3.034
3.051
3.057
3.075
3.105
3.040
3.056
3.130
3.021
3.033
3.070
2.999
3.021
3.076
2.950
3.091
3.115
3.006
3.018
3.098
3.096
3.092
3.114
3.046
3.080
3.081
3.014
2.999
3.081
3.021
3.007
3.015
2.989
3.039
3.064
3.004
2.999
3.151
3.021
3.051
3.161
3.018
3.054
3.117
3.116
3.119
3.102
3.050
3.028
3.090
3.033
3.058
3.055
3.004
3.002
3.084
3.058
3.006
3.150
3.070
3.020
3.097
3.061
3.014
3.121
2.956
3.106
3.148
2.987
3.035
3.101
3.071
3.043
3.107
3.004
3.071
3.128
3.060
3.072
3.071
3.045
3.085
3.074
3.072
3.032
3.109
3.020
3.276
3.116
3.051
3.020
3.065
2.996
3.082
3.104
3.035
3.050
3.087
2.963
3.037
3.113
3.036
3.049
3.084
3.084
3.055
3.148
3.018
3.043
3.070
3.052
3.135
3.099
3.033
3.030
3.106
2.986
3.070
3.062
3.026
3.045
3.125
3.046
3.042
3.124
3.008
3.082
3.107
3.034
3.045
3.106
2.966
3.054
3.112
2.969
3.067
3.100
3.080
3.058
3.046
3.040
3.049
3.121
3.038
3.024
3.078
3.011
3.053
3.092
3.035
3.050
3.126
3.071
3.014
3.044
3.038
3.050
3.103
3.058
3.030
3.076
3.052
3.038
3.075
3.051
3.062
3.066
2.997
3.019
3.087
3.039
3.026
3.096
3.020
3.033
3.135
3.028
3.046
3.125
3.020
2.970
3.131
2.991
3.039
3.065
3.015
3.049
3.142
2.997
3.065
3.092
3.061
3.051
3.152
2.998
3.010
3.105
3.030
3.008
3.104
3.054
3.064
3.065
3.020
3.092
3.127
3.078
3.044
3.074
3.091
2.999
3.084
3.061
3.148
3.064
2.988
3.014
3.488
3.090
3.152
3.072
3.157
3.090
2.991
3.069
3.164
3.067
3.038
3.143
3.022
3.127
3.123
3.054
3.024
3.125
3.046
3.062
3.144
2.987
3.416
3.136
3.004
3.062
3.173
3.057
3.048
3.164
3.034
3.094
3.159
3.041
3.116
3.117
3.064
3.082
3.144
3.012
3.042
3.124
3.041
3.064
3.166
3.098
3.061
3.099
3.037
3.035
3.145
3.051
3.027
3.105
3.041
3.065
3.204
3.049
3.014
3.109
3.030
3.071
3.173
2.980
3.122
3.153
3.028
3.099
3.105
3.045
3.049
3.167
3.050
3.102
3.159
3.076
3.059
3.185
3.075
3.033
3.117
3.080
3.061
3.115
3.117
3.080
3.125
3.051
3.059
3.105
3.038
3.041
3.147
3.033
3.090
3.155
3.045
3.059
3.141
3.036
3.107
3.138
3.103
3.068
3.138
3.008
3.087
3.142
3.117
3.025
3.103
3.082
3.067
3.138
3.042
3.018
3.162
3.013
3.028
3.111
3.012
3.074
3.138
3.043
3.086
3.155
3.052
3.082
3.159
2.962
3.087
3.121
3.032
3.069
3.166
3.047
3.068
3.152
3.061
3.027
3.100
3.069
3.076
3.173
3.046
3.066
3.180
3.071
3.045
3.115
3.044
3.056
3.129
3.061
3.074
3.149
3.024
3.057
3.164
3.000
3.083
3.139
3.039
3.069
3.073
3.009
3.110
3.214
3.025
3.094
3.096
3.074
3.085
3.149
3.038
3.099
3.198
2.992
3.007
3.131
3.025
3.070
3.168
3.017
3.050
3.137
3.044
3.070
3.149
3.039
3.037
3.126
3.014
3.081
3.159
3.112
3.054
3.151
3.014
3.044
3.129
3.092
3.051
3.121
3.039
3.102
3.125
3.004
3.078
3.186
3.061
3.066
3.213
3.016
3.070
3.174
3.071
3.106
3.106
3.072
3.126
3.102
3.054
3.087
3.108
3.041
3.035
3.149
3.083
3.081
3.099
3.049
3.058
3.164
3.059
3.168
3.128
3.001
3.056
3.113
3.005
3.045
3.167
3.054
3.152
3.154
3.056
3.089
3.130
3.027
3.039
3.172
3.011
3.095
3.130
3.050
3.068
3.154
3.011
3.087
3.202
3.015
3.100
3.165
3.040
3.130
3.141
3.032
3.057
3.127
3.027
3.099
3.096
3.013
3.108
3.305
3.048
3.060
3.177
3.018
3.033
3.122
3.049
3.080
3.164
3.061
3.048
3.099
3.006
3.085
3.167
3.121
3.088
3.135
3.057
3.043
3.146
3.034
3.194
3.203
3.018
3.031
3.155
3.037
3.080
3.132
3.036
3.064
3.149
2.989
3.052
3.168
3.056
3.027
3.137
2.994
3.088
3.166
2.990
3.092
3.170
2.998
3.056
3.119
3.068
3.074
3.158
3.092
3.057
3.116
3.029
3.035
3.089
3.007
3.048
3.163
3.083
3.033
3.151
3.009
3.123
3.174
3.060
3.061
3.148
3.033
3.060
3.134
3.095
3.039
3.154
3.028
3.054
3.096
3.022
3.087
3.162
3.250
3.001
3.188
3.020
3.032
3.121
3.034
3.026
3.130
3.037
3.106
3.122
3.015
3.074
3.095
3.475
3.060
3.130
3.056
3.103
3.139
3.011
3.053
3.198
2.979
3.085
3.149
3.028
3.031
3.162
3.082
3.038
3.185
3.055
3.044
3.180
3.022
3.057
3.187
3.003
3.079
3.152
2.979
3.059
3.158
3.055
3.051
3.158
2.995
3.027
3.114
3.020
3.055
3.121
3.014
3.064
3.143
3.007
3.085
3.128
3.012
3.078
3.177
3.007
3.049
3.090
3.010
3.036
3.117
3.088
3.115
3.121
3.032
3.042
3.149
3.044
3.039
3.127
3.021
3.039
3.121
3.020
3.089
3.180
3.006
3.050
3.115
3.007
3.098
3.120
3.055
3.041
3.135
3.052
3.081
3.181
3.072
3.064
3.131
3.025
3.098
3.133
3.019
3.098
3.135
3.042
3.086
3.111
3.030
3.063
3.116
3.043
3.054
3.174
3.006
3.048
3.086
3.011
3.057
3.165
3.027
3.030
3.119
3.007
3.002
3.201
3.054
3.067
3.200
3.071
3.051
3.140
3.029
3.059
3.147
3.030
3.065
3.114
3.018
3.059
3.137
3.017
3.029
3.143
3.035
3.065
3.132
3.034
3.048
3.149
3.049
3.098
3.134
3.030
3.075
3.171
3.075
3.041
3.179
3.010
3.108
3.179
3.007
3.080
3.581
3.109
3.108
3.136
2.969
3.137
3.152
3.053
3.077
3.111
2.990
3.048
3.185
3.041
