0.931
1.034
1.073
1.044
1.001
1.052
1.022
1.310
1.060
1.152
0.968
1.024
1.081
1.006
1.057
1.461
1.038
1.050
1.068
0.999
1.031
1.073
1.023
1.071
1.470
0.975
1.032
1.048
1.071
1.026
1.076
1.047
1.084
1.612
0.975
1.092
1.034
1.092
1.043
1.064
1.047
1.642
1.037
0.948
1.065
1.040
1.074
1.055
1.067
1.414
1.145
1.030
1.028
1.064
1.044
1.037
1.062
1.032
1.471
1.128
1.078
1.038
1.061
1.058
1.073
1.055
1.022
1.469
1.048
1.041
1.071
1.045
1.007
1.038
1.012
1.517
1.029
1.045
1.054
1.037
1.029
1.024
1.043
1.013
1.577
0.952
1.052
1.050
1.061
1.058
1.042
1.045
1.563
1.032
0.937
1.073
1.044
1.038
1.040
1.025
1.471
1.082
1.025
1.088
1.027
1.030
1.030
1.105
1.019
1.500
1.105
1.103
1.012
1.066
1.019
1.053
1.072
0.996
1.476
1.081
1.000
1.036
1.039
1.060
1.003
1.052
1.475
1.003
1.044
1.010
1.043
1.032
1.079
1.044
1.028
1.549
1.023
1.061
1.044
1.071
1.072
1.075
1.010
1.558
1.037
0.913
1.108
0.990
1.035
1.068
1.052
1.458
1.144
1.019
1.029
1.036
1.052
1.056
1.082
1.030
1.525
1.081
1.041
1.002
1.051
1.060
1.033
1.107
1.051
1.369
1.044
1.075
1.007
1.055
1.053
0.996
1.074
1.547
0.977
1.043
1.051
1.029
1.117
1.039
1.028
1.051
1.551
1.021
1.013
1.085
1.117
1.040
1.104
1.020
1.494
1.111
0.998
1.069
1.063
1.038
1.075
1.038
1.426
1.033
1.036
1.088
1.043
1.050
1.055
1.082
1.597
0.996
1.066
1.058
1.010
1.044
1.021
1.025
1.020
1.574
1.050
1.007
1.058
1.032
1.101
1.099
1.029
1.025
1.604
0.961
1.029
1.035
1.045
1.029
1.052
1.079
1.560
1.019
0.982
1.024
1.049
1.050
1.074
1.038
1.450
1.068
1.075
1.019
1.024
1.056
1.047
1.094
1.099
1.441
1.115
1.063
1.054
1.064
1.076
1.070
1.097
1.562
0.993
1.060
1.059
1.076
1.065
1.098
1.090
1.541
1.056
0.961
1.032
1.077
1.091
1.091
1.076
1.054
1.732
1.063
1.007
1.111
0.997
1.033
1.054
1.065
1.486
1.109
1.015
1.070
1.120
1.064
1.113
1.042
1.042
1.531
1.064
1.055
1.070
1.069
1.048
1.054
1.021
1.574
1.032
1.092
0.993
1.056
1.069
1.058
1.064
1.570
1.047
0.972
1.006
1.062
1.064
1.032
1.110
1.440
1.068
1.064
1.083
1.050
1.057
1.022
1.036
1.039
1.502
1.038
1.081
1.042
1.013
1.104
1.046
1.082
1.493
0.946
1.025
1.010
1.066
1.048
1.096
1.027
1.534
1.044
0.983
1.018
1.069
1.090
0.994
1.022
1.036
1.567
1.072
0.939
1.058
1.072
1.063
1.112
1.056
1.416
1.035
1.066
1.060
1.058
1.029
1.070
1.019
1.554
0.999
1.071
1.065
1.093
1.037
1.037
1.070
1.082
1.586
0.929
1.040
1.095
1.131
1.072
1.041
1.077
1.748
1.025
0.941
1.069
1.061
1.050
1.008
1.014
1.479
1.032
1.065
1.059
1.010
1.064
1.057
1.009
1.475
1.060
1.055
1.007
1.056
1.039
1.026
1.011
1.096
1.592
1.001
1.023
1.055
1.006
1.045
1.001
1.045
1.549
1.097
1.037
1.030
1.008
1.028
1.031
1.049
1.441
1.037
1.057
1.034
1.037
1.056
1.021
1.029
1.538
1.102
1.051
1.034
1.140
1.071
1.039
1.021
1.001
1.645
0.984
1.058
0.990
1.036
1.035
1.072
1.019
1.617
1.098
0.932
1.019
1.011
1.062
1.057
1.024
1.488
1.102
1.101
1.043
1.095
1.023
1.025
1.052
1.604
0.969
1.082
1.058
1.032
1.048
1.041
0.999
1.496
1.030
1.054
1.003
1.026
1.089
1.018
1.024
1.291
1.100
1.068
1.003
1.018
1.051
1.049
1.094
1.506
1.022
1.092
1.103
1.072
1.088
1.076
1.030
1.067
1.565
0.970
1.061
1.043
1.023
1.026
1.023
1.064
1.562
1.047
0.985
1.096
1.049
1.040
1.017
1.067
1.446
1.130
1.090
1.008
1.067
1.041
1.012
1.039
1.523
1.015
1.019
1.065
1.052
1.021
1.081
1.023
1.560
1.139
1.039
1.042
1.067
1.017
1.005
1.098
1.006
1.511
1.045
1.094
1.051
1.062
1.014
1.030
1.066
1.445
1.042
1.019
1.097
1.068
1.050
1.039
1.051
1.626
0.967
1.086
1.084
1.052
1.061
1.058
1.051
1.608
0.987
0.982
1.026
1.043
1.052
0.996
1.046
1.460
1.056
1.080
1.048
1.054
1.063
1.119
1.051
1.563
0.959
1.031
1.100
1.009
1.077
1.051
1.037
1.483
1.046
1.033
1.057
1.077
1.033
1.065
1.001
1.526
1.067
1.077
1.039
1.073
1.026
1.068
1.089
1.061
1.424
1.081
1.114
1.056
1.037
1.088
1.035
1.031
1.589
0.972
1.070
1.056
1.066
1.012
1.107
1.003
1.645
1.033
0.977
1.074
1.039
1.069
1.087
1.074
1.504
1.058
1.063
1.023
1.020
1.039
1.033
1.016
1.655
1.000
0.987
1.046
1.092
1.063
1.080
1.072
1.640
1.054
0.993
1.016
1.021
1.122
1.097
1.066
1.441
1.090
1.088
1.046
1.037
1.083
1.052
1.031
1.464
1.045
1.036
1.048
1.032
1.083
1.008
1.043
1.557
1.003
0.975
1.048
1.033
1.020
1.038
1.062
1.006
1.480
1.073
1.012
1.016
1.044
1.049
1.032
1.017
1.521
1.018
1.010
1.018
1.053
1.090
1.066
1.605
1.055
0.922
1.058
1.066
1.041
1.034
1.102
1.034
1.465
1.036
1.046
1.112
1.064
1.023
1.032
1.040
1.627
1.092
1.038
1.029
1.093
1.029
1.024
1.046
1.519
0.924
1.011
1.054
1.054
1.062
1.026
1.069
1.624
1.088
0.984
1.072
1.058
1.021
1.091
1.045
1.547
1.077
1.032
1.021
1.056
1.016
1.054
1.025
1.465
1.021
1.090
1.086
1.042
0.993
1.058
1.023
1.474
1.057
1.040
1.041
1.065
1.038
1.051
1.082
1.294
1.038
1.066
1.044
1.016
0.995
1.044
1.017
1.572
0.992
1.074
1.027
1.030
1.099
1.112
1.038
1.517
1.016
0.952
1.057
1.048
1.001
0.992
1.017
1.538
1.073
1.053
1.075
1.083
1.110
1.056
1.038
1.559
1.092
1.052
1.027
1.086
1.123
1.033
1.013
1.521
1.060
1.090
1.035
1.093
1.040
1.055
1.553
0.973
1.032
1.037
1.033
1.065
1.067
1.011
1.027
1.578
0.944
1.041
1.051
1.057
1.028
1.047
1.082
1.599
1.054
1.001
1.023
1.010
1.059
1.021
1.007
1.329
1.134
1.065
1.076
1.067
1.041
1.107
1.009
1.570
0.963
1.014
1.115
1.031
1.063
1.035
1.102
1.686
1.079
0.934
1.104
1.073
1.069
1.016
1.577
1.011
1.026
1.069
1.035
1.097
1.084
1.044
1.726
1.160
1.015
1.018
1.054
1.080
1.083
1.054
1.493
1.087
1.090
1.094
1.015
1.097
1.022
1.026
1.612
0.981
1.066
1.094
1.068
1.042
0.995
1.003
1.456
1.057
1.051
1.000
1.045
1.073
1.051
1.064
1.338
1.130
1.058
1.008
1.059
1.089
1.059
1.082
1.629
0.971
1.092
1.085
1.045
1.003
1.085
1.523
1.036
1.057
1.041
1.039
1.036
1.016
1.026
1.573
1.110
1.059
1.062
1.054
1.090
1.057
1.092
1.055
1.628
1.121
1.074
1.047
1.060
1.018
1.075
1.013
1.490
1.100
1.048
1.069
1.081
1.054
1.041
1.067
1.439
0.995
1.082
1.048
1.050
1.091
1.042
1.063
1.539
0.964
0.955
1.135
1.056
1.032
1.075
1.474
1.114
1.099
1.021
1.038
1.097
1.002
0.988
1.616
0.945
1.053
1.068
1.046
1.017
1.042
1.094
1.664
1.099
0.977
1.064
1.132
1.046
1.074
1.043
1.594
1.133
1.226
1.128
1.049
1.018
1.013
1.008
1.616
0.977
0.982
1.013
1.044
1.029
1.051
1.452
1.029
1.099
