1.160
1.095
1.433
1.183
1.069
1.181
1.096
1.119
1.026
1.090
1.461
1.003
1.069
1.073
1.041
1.085
1.076
1.018
1.599
1.101
1.024
1.093
1.108
1.000
1.157
1.017
1.476
1.121
1.068
1.004
1.128
1.080
1.069
1.163
1.453
1.076
1.105
1.044
1.058
1.149
1.117
1.047
1.523
1.101
1.096
1.089
1.066
1.030
1.106
1.106
1.442
1.072
1.066
1.042
1.181
1.117
1.029
1.130
1.483
1.089
1.137
1.137
1.025
1.121
1.031
1.001
1.636
1.064
1.016
1.111
1.110
1.043
1.131
1.043
1.401
1.122
1.039
0.976
1.102
1.075
1.020
1.127
1.529
1.043
1.081
1.092
1.075
1.084
1.089
1.442
1.138
1.033
1.027
1.125
1.125
1.040
1.095
1.516
1.072
1.096
1.103
1.021
1.158
1.050
1.046
1.659
1.117
1.069
1.143
1.078
1.021
1.171
1.510
1.036
1.187
1.044
0.994
1.125
1.072
1.038
1.596
1.101
1.013
1.148
1.095
1.016
1.076
1.069
1.439
1.145
1.051
0.987
1.107
1.077
1.080
1.114
1.555
1.063
1.086
1.114
1.055
1.114
1.076
1.060
1.623
1.178
1.056
1.096
1.100
1.044
1.140
1.532
1.071
1.135
1.134
1.027
1.109
1.134
1.099
1.704
1.016
1.044
1.150
1.079
1.003
1.129
1.434
1.019
1.116
1.076
1.052
1.145
1.040
1.040
1.642
1.111
1.042
1.058
1.096
1.031
1.164
1.120
1.431
1.150
1.076
0.995
1.086
1.114
1.032
1.108
1.473
1.012
1.165
1.099
1.015
1.107
1.070
1.633
1.104
1.079
0.995
1.091
1.000
1.043
1.169
1.481
1.069
1.141
1.055
1.027
1.096
1.066
1.036
1.604
1.088
1.062
1.212
1.075
1.033
1.046
1.106
1.404
1.088
1.060
1.047
1.064
1.076
1.053
1.107
1.545
1.026
1.150
1.068
1.032
1.075
1.060
1.404
1.187
1.086
1.023
1.115
1.085
1.068
1.156
1.502
1.109
1.102
1.065
1.030
1.133
1.075
1.546
1.108
1.111
1.026
1.146
1.066
1.021
1.172
1.526
1.032
1.106
1.114
1.024
1.115
1.104
0.983
1.579
1.125
1.028
1.145
1.086
1.049
1.139
1.064
1.427
1.116
1.075
1.021
1.135
1.043
1.059
1.148
1.350
1.004
1.105
1.081
0.991
1.165
1.068
1.012
1.661
1.081
1.009
1.132
1.081
1.009
1.106
1.491
1.057
1.077
1.085
1.008
1.113
1.099
1.016
1.598
1.065
1.054
1.137
1.077
1.068
1.158
1.082
1.463
1.088
1.070
1.059
1.119
1.067
0.980
1.656
1.152
1.018
1.149
1.075
0.983
1.145
1.487
1.025
1.118
1.054
1.002
1.192
1.101
1.449
1.114
1.061
1.048
1.136
1.058
1.044
1.099
1.502
1.049
1.179
1.047
1.050
1.125
1.069
1.459
1.198
1.085
1.040
1.111
1.050
1.034
1.175
1.506
1.057
1.181
1.078
1.024
1.123
1.079
1.053
1.596
1.046
1.026
1.157
1.150
1.058
1.138
1.098
1.485
1.115
1.061
1.041
1.162
1.071
1.043
1.653
1.082
1.003
1.138
1.105
1.049
1.100
1.034
1.440
1.157
1.107
1.021
1.079
1.080
1.023
1.664
1.135
1.055
1.120
1.133
1.011
1.103
1.083
1.488
1.107
1.055
1.013
1.146
1.060
0.996
1.669
1.004
1.085
1.083
1.124
1.063
1.100
1.114
1.470
1.135
1.087
1.039
1.201
1.056
1.062
1.111
1.499
1.001
1.085
1.087
1.025
1.055
1.058
1.032
1.677
1.123
1.091
1.121
1.078
1.000
1.119
1.450
1.064
1.131
1.072
1.046
1.162
1.071
0.997
1.650
1.001
1.072
1.338
1.135
1.034
1.093
1.497
1.062
1.088
1.068
1.008
1.087
1.048
1.392
1.143
1.121
1.041
1.154
1.093
1.081
1.108
1.390
1.026
1.226
1.069
1.091
1.116
1.091
1.585
1.192
1.019
1.092
1.137
1.086
1.049
1.069
1.527
1.012
1.113
1.063
1.026
1.201
1.095
1.037
1.652
1.100
1.129
1.114
1.067
1.109
1.092
1.433
1.047
1.176
1.045
1.011
1.135
1.078
1.072
1.628
1.118
1.046
1.141
1.142
1.072
1.143
1.487
1.090
1.078
1.064
1.064
1.148
1.067
1.034
1.520
1.066
1.061
1.183
1.089
1.029
1.146
1.451
1.007
1.093
1.066
1.081
1.129
1.074
1.005
1.653
1.132
1.018
1.152
1.113
1.069
1.084
1.480
1.056
1.115
1.114
1.007
1.190
1.093
1.013
1.650
1.112
1.052
1.156
1.104
1.063
1.173
1.498
1.018
1.145
1.117
1.043
1.107
1.045
1.554
1.231
1.026
1.011
1.126
1.062
1.020
1.122
1.400
1.100
1.084
1.109
1.026
1.166
1.098
1.081
1.541
1.115
1.068
1.085
1.075
1.063
1.153
1.077
1.510
1.111
1.092
1.071
1.112
1.068
0.992
1.705
1.017
1.062
1.139
1.062
1.035
1.149
1.038
1.408
1.174
1.119
1.044
1.097
1.081
1.105
1.637
1.106
1.082
1.116
1.075
1.018
1.122
1.525
1.012
1.105
1.120
1.021
1.169
1.101
1.032
1.581
1.140
1.101
1.161
1.086
1.033
1.277
1.572
1.028
1.193
1.111
1.004
1.109
1.078
1.058
1.601
1.082
1.050
1.120
1.078
1.016
1.155
1.513
1.024
1.135
1.112
0.999
1.188
1.056
0.978
1.581
1.067
1.103
1.127
1.064
1.054
1.192
1.504
1.032
1.101
1.108
0.982
1.134
1.057
1.537
1.132
1.087
1.069
1.101
1.096
1.043
1.090
1.530
1.036
1.216
1.074
0.994
1.195
1.102
1.456
1.090
1.093
1.068
1.144
1.109
1.005
1.134
1.543
1.036
1.170
1.139
0.991
1.082
1.080
1.454
1.181
1.098
1.025
1.131
1.093
1.003
1.650
1.150
1.013
1.127
1.062
1.109
1.176
1.142
1.483
1.116
1.092
1.043
1.151
1.069
1.059
1.644
1.062
1.128
1.092
1.081
1.140
1.100
1.131
1.491
1.138
1.142
1.071
1.118
1.110
1.146
1.619
1.070
1.090
1.110
1.107
1.139
1.090
1.111
1.562
1.087
1.111
1.155
1.082
1.065
1.118
1.606
1.071
1.067
1.129
1.095
1.095
1.162
1.474
1.116
1.117
1.044
1.084
1.093
1.157
1.652
1.080
1.016
1.120
1.087
1.113
1.073
1.593
1.012
1.081
1.115
1.041
1.150
1.065
1.073
1.470
1.137
1.060
1.125
1.046
1.100
1.052
1.612
1.044
1.075
1.148
1.008
1.091
1.088
1.537
1.155
1.039
1.118
1.098
1.116
1.094
1.668
1.146
1.051
1.102
1.095
1.018
1.103
1.115
1.474
1.105
1.118
1.042
1.111
1.082
1.056
1.590
1.129
1.034
1.172
1.036
1.113
1.077
1.610
1.051
1.112
1.106
1.093
1.042
1.068
1.081
1.580
1.106
1.096
1.089
1.136
1.120
1.125
1.109
1.551
1.072
1.107
1.099
1.124
1.139
1.084
1.651
1.104
0.996
1.100
1.111
1.103
1.059
1.512
1.109
1.100
1.113
1.108
1.057
1.134
1.115
1.641
1.214
1.059
1.057
1.158
1.113
1.081
1.561
1.035
1.067
1.088
1.118
1.035
1.144
1.515
1.100
1.130
1.120
1.072
1.113
1.114
1.099
1.624
1.083
1.059
1.067
1.137
1.097
1.163
1.499
1.098
1.106
1.109
1.105
1.073
1.043
1.079
1.635
1.044
1.050
1.087
1.109
1.124
1.080
1.502
1.077
1.137
1.088
1.046
1.124
1.094
1.676
1.133
1.021
1.093
1.288
1.124
1.125
1.572
1.056
1.158
1.127
1.037
1.121
1.107
1.068
1.507
1.140
1.107
1.024
1.094
1.143
1.120
1.480
1.152
1.059
1.112
1.147
1.089
1.099
1.101
1.670
1.151
1.038
1.127
1.108
1.110
1.085
1.585
0.979
1.060
1.060
1.114
1.030
1.162
1.552
1.128
1.068
1.106
1.080
1.139
1.099
1.675
1.071
1.011
1.119
1.147
1.078
1.087
1.603
1.085
1.102
1.101
1.055
1.158
1.123
1.459
1.055
1.081
1.131
1.130
1.098
1.057
1.093
1.615
1.040
1.095
1.152
1.105
1.087
1.128
1.488
1.156
1.168
