1.404
1.231
1.239
1.259
1.598
1.289
1.257
1.175
1.198
1.211
1.151
1.667
1.331
1.317
1.155
1.266
1.145
1.603
1.345
1.217
1.213
1.258
1.185
1.208
1.679
1.211
1.188
1.298
1.126
1.149
1.658
1.196
1.262
1.294
1.200
1.242
1.233
1.472
1.281
1.229
1.161
1.167
1.218
1.535
1.281
1.236
1.176
1.212
1.223
1.137
1.675
1.364
1.146
1.176
1.253
1.188
1.560
1.326
1.185
1.197
1.302
1.205
1.176
1.680
1.199
1.194
1.306
1.132
1.196
1.288
1.656
1.211
1.295
1.162
1.171
1.280
1.578
1.279
1.303
1.182
1.237
1.330
1.131
1.838
1.282
1.153
1.286
1.312
1.210
1.520
1.363
1.154
1.206
1.248
1.174
1.206
1.638
1.241
1.160
1.259
1.174
1.277
1.526
1.221
1.227
1.258
1.194
1.210
1.274
1.549
1.279
1.220
1.218
1.242
1.261
1.159
1.690
1.244
1.188
1.200
1.265
1.138
1.575
1.358
1.187
1.156
1.295
1.175
1.209
1.639
1.216
1.291
1.302
1.165
1.150
1.660
1.279
1.172
1.221
1.164
1.194
1.283
1.566
1.277
1.324
1.172
1.139
1.295
1.564
1.240
1.257
1.201
1.204
1.270
1.148
1.667
1.352
1.154
1.207
1.294
1.246
1.118
1.720
1.233
1.264
1.221
1.145
1.204
1.662
1.236
1.182
1.290
1.171
1.305
1.202
1.565
1.204
1.305
1.152
1.185
1.252
1.564
1.331
1.304
1.195
1.219
1.279
1.154
1.548
1.257
1.188
1.165
1.296
1.180
1.559
1.349
1.190
1.158
1.250
1.145
1.655
1.367
1.167
1.213
1.238
1.169
1.237
1.745
1.239
1.184
1.203
1.191
1.168
1.305
1.491
1.167
1.283
1.172
1.170
1.280
1.580
1.322
1.269
1.186
1.229
1.308
1.135
1.488
1.325
1.143
1.203
1.269
1.164
1.640
1.365
1.217
1.251
1.322
1.143
1.172
1.734
1.220
1.169
1.277
1.217
1.214
1.302
1.686
1.222
1.238
1.201
1.164
1.310
1.592
1.296
1.265
1.231
1.230
1.252
1.527
1.313
1.269
1.189
1.190
1.202
1.128
1.662
1.371
1.221
1.186
1.276
1.194
1.207
1.751
1.195
1.201
1.287
1.179
1.187
1.647
1.242
1.221
1.319
1.176
1.207
1.274
1.570
1.259
1.259
1.176
1.185
1.285
1.611
1.484
1.298
1.192
1.199
1.272
1.574
1.272
1.312
1.210
1.207
1.257
1.194
1.610
1.412
1.216
1.192
1.283
1.246
1.548
1.340
1.214
1.209
1.332
1.201
1.201
1.724
1.238
1.174
1.292
1.193
1.208
1.294
1.626
1.242
1.266
1.170
1.170
1.276
1.615
1.267
1.290
1.148
1.171
1.219
1.212
1.658
1.304
1.151
1.175
1.276
1.181
1.574
1.322
1.177
1.229
1.232
1.187
1.590
1.318
1.219
1.197
1.196
1.167
1.187
1.732
1.255
1.195
1.343
1.148
1.160
1.352
1.628
1.228
1.249
1.141
1.185
1.239
1.572
1.268
1.263
1.157
1.174
1.290
1.184
1.483
1.329
1.231
1.179
1.248
1.143
1.602
1.424
1.254
1.192
1.354
1.166
1.574
1.313
1.270
1.170
1.315
1.175
1.238
1.694
1.209
1.189
1.293
1.179
1.153
1.670
1.248
1.230
1.299
1.151
1.181
1.201
1.593
1.282
1.286
1.177
1.204
1.232
1.187
1.643
1.308
1.181
1.184
1.239
1.142
1.608
1.368
1.223
1.171
1.323
1.225
1.213
1.666
1.184
1.185
1.398
1.160
1.191
1.764
1.280
1.153
1.245
1.187
1.188
1.711
1.232
1.228
1.259
1.174
1.169
1.310
1.586
1.280
1.305
1.197
1.241
1.274
1.129
1.744
1.284
1.157
1.181
1.256
1.143
1.606
1.400
1.162
1.197
1.255
1.183
1.148
1.671
1.202
1.242
1.292
1.183
1.179
1.710
1.239
1.202
1.249
1.186
1.189
1.716
1.236
1.221
1.256
1.142
1.162
1.245
1.606
1.211
1.277
1.219
1.222
1.259
1.124
1.600
1.280
1.266
1.439
1.390
1.143
1.630
1.327
1.201
1.228
1.306
1.147
1.179
1.761
1.172
1.187
1.268
1.162
1.179
1.723
1.322
1.156
1.307
1.178
1.192
1.624
1.226
1.223
1.278
1.151
1.197
1.304
1.616
1.270
1.245
1.177
1.181
1.295
1.561
1.270
1.274
1.156
1.196
1.236
1.143
1.655
1.317
1.200
1.212
1.242
1.192
1.518
1.340
1.168
1.363
1.267
1.156
1.198
1.730
1.310
1.190
1.255
1.213
1.169
1.254
1.576
1.246
1.308
1.116
1.171
1.279
1.606
1.203
1.229
1.191
1.199
1.193
1.534
1.266
1.335
1.129
1.195
1.296
1.173
1.568
1.311
1.221
1.227
1.236
1.165
1.547
1.284
1.188
1.209
1.277
1.150
1.178
1.757
1.220
1.205
1.275
1.181
1.152
1.622
1.255
1.215
1.278
1.201
1.155
1.303
1.492
1.203
1.236
1.164
1.143
1.296
1.560
1.382
1.297
1.187
1.197
1.274
1.545
1.188
1.423
1.190
1.206
1.267
1.141
1.616
1.330
1.139
1.180
1.273
1.152
1.540
1.411
1.161
1.225
1.304
1.155
1.221
1.647
1.195
1.239
1.291
1.159
1.156
1.708
1.283
1.213
1.291
1.180
1.262
1.297
1.421
1.285
1.292
1.155
1.169
1.242
1.614
1.328
1.292
1.198
1.157
1.272
1.559
1.259
1.307
1.177
1.160
1.279
1.190
1.673
1.341
1.230
1.157
1.253
1.185
1.714
1.492
1.191
1.192
1.274
1.173
1.205
1.728
1.298
1.212
1.288
1.152
1.242
1.695
1.228
1.203
1.246
1.189
1.191
1.249
1.638
1.275
1.308
1.205
1.176
1.231
1.488
1.259
1.270
1.182
1.219
1.299
1.141
1.608
1.367
1.204
1.180
1.312
1.151
1.607
1.347
1.186
1.192
1.279
1.148
1.217
1.731
1.220
1.207
1.266
1.178
1.210
1.637
1.267
1.253
1.269
1.187
1.210
1.371
1.526
1.217
1.272
1.188
1.160
1.270
1.585
1.297
1.235
1.159
1.222
1.304
1.561
1.209
1.267
1.151
1.210
1.279
1.164
1.652
1.353
1.181
1.195
1.337
1.141
1.681
1.365
1.150
1.210
1.278
1.199
1.175
1.687
1.208
1.191
1.268
1.154
1.177
1.717
1.262
1.140
1.289
1.187
1.202
1.673
1.230
1.123
1.220
1.215
1.143
1.350
1.639
1.285
1.313
1.167
1.195
1.277
1.563
1.250
1.312
1.175
1.205
1.217
1.146
1.634
1.360
1.227
1.202
1.273
1.198
1.596
1.357
1.198
1.221
1.230
1.126
1.170
1.732
1.200
1.204
1.299
1.152
1.184
1.713
1.269
1.208
1.301
1.142
1.314
1.730
1.275
1.182
1.244
1.194
1.226
1.261
1.609
1.167
1.275
1.133
1.204
1.291
1.557
1.301
1.361
1.223
1.181
1.309
1.140
1.660
1.272
1.239
1.152
1.290
1.146
1.626
1.361
1.225
1.210
1.277
1.164
1.618
1.436
1.226
1.183
1.243
1.188
1.291
1.769
1.232
1.253
1.299
1.167
1.205
1.733
1.242
1.219
1.308
1.166
1.182
1.672
1.220
1.211
1.253
1.142
1.165
1.270
1.585
1.280
1.247
1.170
1.190
1.323
1.551
1.262
1.253
1.186
1.127
1.306
1.208
1.553
1.342
1.188
1.187
1.346
1.184
1.621
1.366
1.160
1.192
1.271
1.142
1.541
1.337
1.204
1.161
1.216
1.161
1.176
1.690
1.234
1.254
1.242
1.213
1.182
1.684
1.246
1.177
1.299
1.171
1.192
1.278
1.578
1.237
1.324
1.176
1.180
1.308
1.533
1.305
1.402
1.224
1.179
1.314
1.158
1.464
1.268
1.174
1.205
1.313
1.222
1.658
1.349
1.176
1.198
1.246
1.209
1.636
1.364
1.184
1.160
1.260
1.126
1.189
1.794
1.241
1.204
1.294
1.188
1.195
1.678
1.243
1.193
1.266
1.185
1.170
1.256
1.421
1.246
1.265
1.137
1.167
1.278
1.546
1.278
1.280
1.165
1.177
1.232
1.555
1.332
1.356
1.201
1.171
1.276
1.177
1.593
1.442
1.179
1.174
1.314
1.136
1.644
1.339
1.200
1.175
1.324
